46445
7383
2706
46191
77045
56410
63675
75237
61951
7707
99127
9327
47192
76627
80040
62150
37216
18030
90304
80540
20372
52586
83518
16874
76865
12143
6004
40785
3406
90150
76486
31330
95366
79283
78016
40690
50088
9497
29441
14661
41307
18383
84135
3172
68149
97700
75044
34987
24462
70645
970
39107
76716
86084
30368
4403
7051
17707
14231
89943
32660
52660
20295
38866
32439
83387
8754
23309
31494
24791
39245
72969
62320
22319
20855
37090
97888
37207
71833
9633
97715
54655
88902
86339
8092
47073
31317
27518
88093
12398
22999
97693
57140
2381
88957
99144
47734
36901
21545
56807
32280
84203
8927
93813
7746
35760
89217
79368
44675
40844
76984
68335
96863
84345
3272
37906
64688
21690
30443
13456
2395
23289
60097
56493
36784
29060
96389
36798
68647
60731
93656
70572
51826
72843
47653
53670
22380
3649
97532
82364
55495
29843
37814
34579
13246
90193
53102
10698
31539
8592
57050
7835
48962
89437
66686
75024
1096
58430
57734
12652
16948
821
57971
64543
55430
96457
62028
20417
32801
13573
66854
94784
93990
90996
57960
84870
16794
85396
92343
51631
40678
48657
77109
4238
50212
34594
28265
34142
21465
19204
37256
83448
86219
21443
20099
81090
33448
4435
49490
31913
79444
47175
3861
80925
12136
14710
18369
64451
92114
49432
39919
98152
58480
74973
77959
51445
26988
87643
94838
48093
80785
95132
98894
7165
9279
97122
2565
28589
21692
94749
76178
32896
26297
50571
9893
14874
68546
39714
79623
41207
14127
38565
72443
85672
36877
22695
64256
79759
58706
65705
48770
68097
82426
51696
90455
43995
99048
43854
12261
68916
18035
34813
90975
82847
78997
34797
84039
80691
78407
75261
54673
9575
7061
93993
31500
14389
42714
11330
60465
68524
135
56954
37302
98847
45113
552
13907
77152
26256
13552
95127
53058
3361
94009
79461
50963
90695
38470
44275
7145
23667
47233
44566
58898
58352
69130
71477
23347
20322
79112
69841
1899
27677
17811
18146
26685
63374
42149
65856
44586
62227
11460
67745
81394
92304
38514
52990
87567
76888
21361
55510
20323
49159
22533
55942
23071
11798
74359
38239
27438
29970
34760
41558
154
11974
17871
46737
45169
19347
29409
46696
56184
5178
95001
35566
26597
23203
94195
37169
58282
23599
61818
5277
58945
4607
30096
33076
27200
20055
60992
77856
23976
42813
21853
54705
33975
49526
39807
4529
12384
3149
23324
2418
72003
75110
51024
97105
19302
3433
75231
85404
58395
16106
34349
81865
85702
74223
97737
23543
93434
74652
40654
11276
27213
10083
63456
64362
59110
51400
87377
91781
25235
51039
59473
91973
48544
15798
51862
95725
80941
40198
89766
10011
33089
25035
66769
35789
33985
98384
26389
32117
75195
64332
70256
52711
25951
84581
43460
89623
84151
82514
51673
92952
51220
706
17214
8921
48109
40195
49691
93160
67931
11510
98962
71
17139
39443
69428
93823
27781
21365
10141
50551
74633
24523
29351
86786
66510
53417
7253
10714
61587
73876
34663
71906
20781
83714
89356
84522
76190
22567
52283
21268
16961
92763
22894
86127
89947
57797
63182
99446
98974
85720
46405
19504
74670
68717
36308
61885
84716
51255
6211
69435
86595
10707
15445
1851
40329
75286
3730
45948
19763
86301
61074
66160
64060
22465
42864
87145
28987
32057
46963
73250
69616
322
19686
88959
17992
66347
90857
69855
8281
26529
37368
58508
1645
98836
86684
52234
68760
18425
62249
27607
90566
76808
20741
12094
95954
18910
11482
43364
69235
37255
47412
85216
75588
48112
23436
73440
11196
80863
5538
19321
59401
30573
29041
30610
48064
51195
8162
12392
31477
88858
31498
68413
71312
91884
35499
655
56046
48397
28744
54342
14204
47137
66856
65670
85427
43531
83685
37594
50099
61189
54968
10323
59019
91479
68932
44769
80396
16666
85190
59883
34634
51569
96519
68474
34682
70106
10087
50823
50659
45836
50978
58611
50549
5414
74574
19026
59914
98892
17319
93172
69755
29160
56658
23569
57570
31992
23591
35341
28443
15160
37008
55764
15227
35513
64340
69429
88002
63170
86462
70237
53488
57169
76424
94126
95175
93529
90736
14834
28131
91974
25631
38984
60595
91594
34140
83845
24210
9835
71304
78360
109
97855
79018
32045
77407
35252
67952
27414
78998
21216
15168
55025
41661
15183
45643
9099
44410
35550
97401
40168
50830
84548
10934
30588
12166
25826
44884
49400
55781
99587
7638
99916
6688
80508
77464
17158
1495
72429
4961
78604
50749
54175
1168
69540
16614
87526
41973
48675
33277
1518
95700
10076
62453
43535
47827
14827
38745
47604
19460
55695
64002
25140
1409
35220
12727
78057
82699
34784
45971
65811
94539
28622
24098
56068
49906
50602
46813
436
32158
79525
13701
79497
69543
32623
70675
51777
61527
70581
34854
30312
8947
94833
11546
41859
77392
3408
78490
18597
16282
73320
64297
88386
77674
4953
30973
68777
10653
54107
53435
9441
15821
27647
8526
78272
26169
1233
20315
27867
68493
18290
69053
29435
75841
15817
57820
60809
16760
93288
28150
90351
20195
54021
6461
24572
21785
7852
9438
53243
89260
82297
53402
49980
12527
65238
83794
75181
46821
39478
22933
18141
42632
61497
35928
4675
71662
57746
28001
45124
53361
34014
16107
16437
81480
73451
452
30758
96990
18419
1779
85275
14323
71719
413
1268
54803
97549
26418
48878
94631
80782
14353
23262
18173
85725
61151
10652
35361
23509
10540
11998
16786
97247
18815
40905
43205
95423
93127
71084
77262
32292
20712
92346
82599
17212
47729
5931
64708
53480
49822
39129
87988
88888
377
31240
72190
78193
88923
92753
69298
69150
9221
4717
5246
62595
93917
42098
85826
10661
81589
86347
84808
31356
66211
69881
69838
62096
65620
78565
96424
21635
23247
97277
68621
60496
36219
75210
86708
78096
40038
41382
26663
55772
69452
86824
54479
75756
14756
44915
68866
37284
97640
82040
59952
16818
19514
29244
47716
34911
18228
65559
77454
87307
34213
39984
5207
12998
14384
12866
99337
64208
48771
94185
98505
65535
2575
77273
76471
57664
28011
76419
48356
34441
88060
8432
5563
76478
94400
79029
73424
12738
23922
55810
7325
7677
33082
55881
56003
7737
7679
34032
26939
67838
7226
56869
16595
94790
58307
98989
81076
90766
56256
96355
59575
34873
99438
34998
70341
20284
50698
34429
57783
10319
9288
70801
6830
62646
95787
26966
39861
50371
68840
81356
97751
24097
61451
55767
13375
71017
19146
3008
63473
90297
76587
6334
11763
86173
58139
25693
90881
36280
28416
29743
27531
94809
60364
90833
92045
89949
57848
80137
32687
13373
43933
16713
87604
67160
79208
14264
94388
65185
70814
75436
89439
36822
58983
2908
91336
88257
41051
62795
45073
51489
28094
13544
76696
70220
23273
53856
77402
41175
1032
39355
26521
58988
95545
68134
48858
56027
47785
38060
40070
90666
6054
36768
55785
47376
40223
97981
8876
97066
11311
26845
10137
94604
41610
24556
33997
32591
35839
8029
19799
23351
53296
85295
26440
23714
16716
67980
73902
43924
7417
66693
27609
17282
38899
39126
88981
44294
85703
43977
14568
99967
5031
30729
26776
64658
17208
44605
12841
90693
38708
34352
20409
3273
12995
34466
38699
96853
34276
53457
49591
56852
19424
75090
29740
93761
97254
41449
16464
36363
57207
30474
87415
15152
29059
99711
44367
80249
62180
59838
94804
99539
42928
17556
69963
64376
8455
64515
25241
315
45187
74065
66245
28763
63159
14094
90929
23932
56574
78141
73132
17157
7518
84917
43494
15329
12034
60740
2714
64307
86729
61305
65780
89485
67332
82555
3337
17302
56841
28261
55988
78305
32006
50398
74865
26284
51443
77960
43473
82171
25789
59535
26543
93596
523
47728
48265
99520
88678
46675
93705
95323
38561
29698
70664
80880
92308
73106
77064
8241
24880
7692
20664
21870
48225
63434
21532
78477
9844
42440
98403
83637
55702
73733
80521
536
99422
95696
77718
43015
5797
38908
14850
97729
56612
69373
10412
34895
87292
77196
61926
83285
92694
3580
46129
51038
11739
90410
10075
99407
82363
57448
15790
3389
36104
46212
89980
51168
41353
55330
2873
17967
50827
58425
67811
65253
7660
4244
81460
66741
96076
54891
14927
6304
18445
43470
69037
47397
93641
58301
55187
49183
29010
21680
28256
64037
11164
68587
30201
32433
81358
96797
66177
54920
79323
11523
76704
6656
56477
30128
65611
17263
43188
30693
51014
16825
51318
50164
50774
77204
84932
99837
55987
54347
12258
36318
30580
79361
94505
72494
42119
82826
75015
22366
99
23169
56628
15140
43657
23518
9684
65445
58045
29940
95970
98373
94714
99524
40021
82044
69920
27718
70518
42171
82919
87634
52658
30248
75359
29888
2307
30711
92378
7655
32138
45108
33010
79047
53860
26851
41266
15406
56619
19520
6402
75388
41990
19788
34412
56607
7930
73815
99919
74616
91052
93638
49152
21984
24278
16169
69939
20563
67124
59065
18729
30485
56399
22328
53760
61397
40948
75133
43301
64899
67612
1670
25367
36251
51309
87712
33307
32063
54796
32318
74910
99581
24667
70283
71792
81380
20922
13308
83434
45412
41695
33853
93799
92864
68376
41167
79306
66738
76525
99491
70235
57145
88241
86407
56369
46807
39312
24392
73397
62511
79514
62686
67325
4482
33458
15269
82631
2861
19951
5853
58922
26172
1617
11504
6844
85830
95694
19502
19574
34251
29005
2643
6387
79453
8446
72160
75362
32891
74208
33645
416
48222
52119
89741
14424
10295
48242
96212
33055
93504
7569
44634
73972
9432
1743
21512
57181
99455
36194
71001
14715
54690
88685
22417
56529
34955
83213
33659
61964
8940
50020
88827
92388
53723
88910
3191
60746
20172
76959
73002
66836
56599
10702
73344
60762
97252
92814
34830
96951
10547
2267
70289
28534
57888
90201
51011
73300
14953
96251
89399
49505
91093
47936
53515
36781
27134
38505
88840
14214
32703
53133
44796
39316
15231
53669
28005
92274
27623
34710
12175
92043
63779
64453
50666
34228
96916
24745
83797
90420
5126
69238
91556
90634
80507
37185
71024
62006
79218
98161
57346
72512
9119
41597
74055
43851
44382
33521
30850
70342
30439
72930
83125
27932
2515
9448
78659
93729
80063
78559
79589
76589
13884
70312
22288
72318
16070
9623
70598
99226
18020
37007
63348
92634
3164
90396
59451
76968
8027
45309
77032
22094
74160
49987
44004
87380
40602
16283
23486
34504
58041
98942
17464
23458
74679
41375
86427
50018
46509
76657
89968
92563
62174
21775
75325
62120
25813
22668
46966
64443
60679
2190
70049
48431
53490
82280
52745
92680
32674
77691
54608
8941
18528
33671
21780
36506
88974
67401
33556
50570
53685
68465
42121
23839
98182
467
82831
38443
44768
94384
45982
21549
87777
47489
78086
95257
42876
40225
74221
22232
52651
45408
62758
35450
80283
17512
20955
82647
4952
64337
36487
65870
46765
96911
7702
54760
74121
39777
42235
99881
76916
80427
61378
50569
59745
93533
93412
27318
25664
87451
11639
70078
61404
29308
75781
10395
28720
41380
82070
74069
40779
17608
65084
36375
56149
93235
53251
11788
45686
86816
54301
27284
39359
4106
44096
23603
73450
48399
41350
85317
34137
55436
69559
62074
50488
42511
58570
79406
17826
9398
28157
48039
54071
25724
83891
90984
20061
79058
97740
19383
82539
27352
67195
52848
10039
95825
9577
91823
79329
25869
90658
81488
3055
52452
61642
31543
36429
98089
8629
89386
92334
86047
30961
49459
20958
44272
58059
11011
63315
27982
93254
17606
33088
44560
51389
80295
47167
6471
79493
1179
60458
27792
98969
88353
87236
93365
60423
77807
92950
72053
98767
1027
3314
64969
82624
56329
49632
55724
25457
64689
38331
8823
13336
70384
83255
45375
2587
55914
59279
67756
49499
34015
47168
23899
36623
52183
44517
26656
82299
57193
83855
54122
91381
34427
69567
50877
42903
58350
46569
18353
86539
55273
12927
30785
66089
26931
54816
8045
85536
69533
10504
14670
3437
28251
7482
73156
53381
73262
84211
80292
85402
13171
90444
43566
30611
80218
66542
46463
44820
43011
5058
92891
77709
15856
45479
1877
31671
82248
85668
98563
89051
43101
40949
19548
82482
36773
95026
16234
23493
37495
93854
90151
36791
18268
97764
81363
85252
43667
23948
6534
73404
93970
45506
50453
12868
64591
89914
98758
63986
29549
54333
78255
27628
96605
90803
49662
72974
98093
73764
82059
61350
45932
58606
65580
2943
84566
21093
9540
1185
85353
3938
927
40875
80138
76311
39642
136
64776
43557
15177
11750
76747
51138
58915
24284
66467
73288
46012
68189
45057
66932
89057
82275
92005
68387
97574
33116
42190
34134
69556
30620
37535
34452
90146
36849
86093
35208
88067
10063
19478
55126
85140
69265
8795
80890
8802
65010
47644
72283
48032
68136
28839
78783
96193
58867
41762
51720
41988
57918
15787
90843
38001
81327
99289
27430
14826
65756
7753
67708
49411
25053
71196
93186
18246
68548
22607
61520
97950
85448
61966
19181
50279
26933
33496
86006
41636
13396
26376
56212
51640
58965
17536
45617
42225
69558
20907
52873
33900
22523
52563
84515
99719
395
44984
62572
96093
25321
89019
58143
1973
32848
19604
19464
61381
98214
25297
87959
88421
20842
29548
35034
2360
55819
50923
81942
23824
78811
64458
39606
31660
78901
49554
97183
43431
81107
58180
38529
39764
98191
28995
13914
93977
15972
71637
77743
75039
53202
48310
56124
84054
91354
949
21658
36839
41793
76786
74486
43682
74346
39165
33543
67842
33438
67654
8448
91684
39812
90419
56262
79575
47039
31388
39179
69306
53642
34277
12512
18570
88965
81736
92595
91420
99723
4845
52277
18386
78802
61618
93834
82541
54011
62216
56535
12780
70029
41494
3461
62491
32011
25582
96742
42616
61726
85579
31733
38159
61353
24616
654
47614
77223
41914
72822
80433
82419
71384
70901
29531
49803
31128
990
80665
68002
97546
6286
40640
58810
49983
2082
38704
4826
80187
3061
91887
19814
28065
25719
39666
16316
23076
39996
27869
24923
10346
58866
10805
86493
78714
11015
40323
40179
72754
70492
64109
45798
37519
77748
68176
4743
23682
92966
9900
98231
42481
62044
424
27784
45787
96211
91558
61008
81178
54270
52515
52198
53982
55007
89929
54027
99346
29553
54603
85795
72836
67707
33017
62882
88536
54454
34084
20401
64005
55836
3911
51215
68298
50388
90690
94858
40208
10098
25007
5747
21606
6855
52921
7985
75073
420
91833
46319
65752
20773
35943
48227
58610
3186
80124
41272
99006
40010
10866
23900
20492
52786
36207
54212
40439
88592
13606
82780
27170
97399
21096
27424
9350
51385
74480
19927
30305
76001
98870
33378
58947
61849
24874
76993
46705
49874
72616
7432
7187
25344
39531
99529
12813
79515
44318
52485
63247
10306
20540
11617
44704
26812
53589
98400
41538
77732
22721
44400
70297
42325
10623
44999
46321
74217
41883
35329
58291
48888
9162
13328
78815
28859
92544
30260
43787
60418
70330
42114
29803
56268
58452
99816
93859
96996
50106
3066
82096
15969
74623
55855
39811
76694
7726
71385
87046
36348
88462
30619
3205
23392
39526
26585
71012
53399
8353
26309
22386
13967
19793
67011
51989
44693
3751
32859
74094
34908
10663
11886
75296
60083
38525
4997
84256
70627
9216
40083
84300
71320
27405
20471
71930
89508
48787
94541
19188
16192
66583
30987
20745
10810
80766
56139
40522
19276
32575
21559
34946
75785
20325
72102
23771
76063
52287
74658
56983
1961
21995
40043
72821
8401
47391
43988
42174
23472
2261
52754
81333
98406
33634
17758
15983
10584
83846
85998
88315
56490
77596
98064
75979
18119
99863
74667
98079
31881
80648
83010
21937
68513
85864
18403
60769
79157
7285
32451
73314
24886
55188
68543
82582
65994
39533
80193
95073
8154
15956
85828
22633
4994
57061
51713
96014
58111
7348
55373
31456
47988
99427
64299
85391
32520
16988
32597
2881
85482
10000
70669
35424
81996
13077
67687
98306
51283
46169
85676
71227
91817
45703
1119
43552
58719
29348
44962
76233
83857
40700
16939
82043
29004
25409
54994
36795
17416
89762
13248
66664
26767
35552
72990
34007
23809
56414
49184
86207
32235
56278
7102
85130
34045
92347
58270
20056
95803
33978
56075
28926
9022
32135
39400
7785
79510
77121
76773
9345
74123
5601
33576
2667
61734
5801
70965
26232
2693
3180
61533
9911
94824
98676
79602
27085
96218
29535
76180
61121
27025
87731
16840
56729
29032
5379
20394
9357
65612
99670
71693
11991
89735
11052
99755
75716
31807
12410
83013
15491
23483
17044
30192
88337
23135
10971
10617
35858
58900
42897
94708
22988
92340
28966
35536
54998
77136
37497
85934
79729
33334
32248
31537
60475
56363
64482
97801
86015
1252
70871
14608
33301
20535
58040
61735
936
64500
97016
37779
15845
87344
16004
27917
64501
54092
51819
40527
81280
75849
91328
52045
93633
6980
79823
4833
67594
25974
8764
20983
36261
90886
21192
52051
53942
39906
79280
14021
28515
4769
51736
39135
96235
42414
72250
27778
30919
35983
14265
74695
72030
20200
961
13442
44289
43615
52746
18519
30924
1843
95669
48840
70607
61094
83502
40857
35
47298
47262
99470
94439
92624
845
63399
56718
85610
3752
25710
54491
71404
2761
48709
73847
68832
34988
80992
12906
44324
62949
71387
22525
54707
69587
96429
66631
93256
57187
70928
42201
20184
94524
56050
23978
4018
16257
94347
95304
31518
88692
24268
10843
66794
31314
46744
60794
58787
70006
37567
23790
75095
12267
32511
14209
10564
29557
82794
25083
18206
81376
99124
83830
88856
44255
79853
55174
45531
71860
55966
94046
11024
70400
19053
1512
88713
25061
1159
52814
59936
84246
71482
9766
60585
6187
5899
95020
87926
55653
64373
31520
81046
92217
61089
12826
39596
69818
53915
13182
2143
90075
94168
21404
1287
28785
95110
13387
28267
46889
66937
10901
20752
22619
42199
10375
51973
16959
22867
8829
26718
57170
36785
4033
78321
90502
37512
32847
41906
15843
51142
44644
41678
29913
94369
88664
86259
55784
63690
24688
95145
86048
63035
98413
84391
42553
28162
27608
5593
78920
73247
3791
40774
1562
96794
33446
95153
38582
96382
12257
80598
27711
61604
85221
8922
85100
95239
12684
27376
13148
11728
74686
27332
13607
7341
45666
61308
30562
9925
85149
81085
32601
79894
42434
20078
3100
93634
49030
75197
16969
19256
42012
83102
73015
75898
69294
1748
37611
82993
2487
77057
78750
93871
59823
50319
7039
45026
49943
77802
70989
25418
91987
64585
23505
78865
49406
77578
17902
82809
35982
29902
17018
31049
6118
76089
36944
39370
5858
98092
54205
57955
39592
95684
1127
14466
20041
69392
31729
70458
97075
31248
7706
3078
10322
32618
64801
70395
1772
42362
74621
3514
76453
12524
74947
92485
15801
80171
60722
72503
59991
36151
92590
87838
76711
33726
82295
91320
84452
49356
26863
71401
30069
51300
99104
80883
86523
45895
43392
48629
77411
51948
19457
54656
61395
5706
98189
91930
28272
9097
60143
57461
75456
37424
93699
50953
98655
37873
99054
5470
38839
38819
43841
28241
92881
92559
96554
95389
40713
8963
75033
41062
70648
4580
19262
68164
85220
19521
56699
96067
62580
57171
23326
35
71
99
109
135
136
154
315
322
377
395
413
416
420
424
436
452
467
523
536
552
654
655
706
821
845
927
936
949
961
970
990
1027
1032
1096
1119
1127
1159
1168
1179
1185
1233
1252
1268
1287
1409
1495
1512
1518
1562
1617
1645
1670
1743
1748
1772
1779
1843
1851
1877
1899
1961
1973
2082
2143
2190
2261
2267
2307
2360
2381
2395
2418
2487
2515
2565
2575
2587
2643
2667
2693
2706
2714
2761
2861
2873
2881
2908
2943
3008
3055
3061
3066
3078
3100
3149
3164
3172
3180
3186
3191
3205
3272
3273
3314
3337
3361
3389
3406
3408
3433
3437
3461
3514
3580
3649
3730
3751
3752
3791
3861
3911
3938
4018
4033
4106
4238
4244
4403
4435
4482
4529
4580
4607
4675
4717
4743
4769
4826
4833
4845
4952
4953
4961
4994
4997
5031
5058
5126
5178
5207
5246
5277
5379
5414
5470
5538
5563
5593
5601
5706
5747
5797
5801
5853
5858
5899
5931
6004
6054
6118
6187
6211
6286
6304
6334
6387
6402
6461
6471
6534
6656
6688
6830
6844
6855
6980
7039
7051
7061
7102
7145
7165
7187
7226
7253
7285
7325
7341
7348
7383
7417
7432
7482
7518
7569
7638
7655
7660
7677
7679
7692
7702
7706
7707
7726
7737
7746
7753
7785
7835
7852
7930
7985
8027
8029
8045
8092
8154
8162
8241
8281
8353
8401
8432
8446
8448
8455
8526
8592
8629
8754
8764
8795
8802
8823
8829
8876
8921
8922
8927
8940
8941
8947
8963
9022
9097
9099
9119
9162
9216
9221
9279
9288
9327
9345
9350
9357
9398
9432
9438
9441
9448
9497
9540
9575
9577
9623
9633
9684
9766
9835
9844
9893
9900
9911
9925
10000
10011
10039
10063
10075
10076
10083
10087
10098
10137
10141
10295
10306
10319
10322
10323
10346
10375
10395
10412
10504
10540
10547
10564
10584
10617
10623
10652
10653
10661
10663
10698
10702
10707
10714
10805
10810
10843
10866
10901
10934
10971
11011
11015
11024
11052
11164
11196
11276
11311
11330
11460
11482
11504
11510
11523
11546
11617
11639
11728
11739
11750
11763
11788
11798
11886
11974
11991
11998
12034
12094
12136
12143
12166
12175
12257
12258
12261
12267
12384
12392
12398
12410
12512
12524
12527
12652
12684
12727
12738
12780
12813
12826
12841
12866
12868
12906
12927
12995
12998
13077
13148
13171
13182
13246
13248
13308
13328
13336
13373
13375
13387
13396
13442
13456
13544
13552
13573
13606
13607
13701
13884
13907
13914
13967
14021
14094
14127
14204
14209
14214
14231
14264
14265
14323
14353
14384
14389
14424
14466
14568
14608
14661
14670
14710
14715
14756
14826
14827
14834
14850
14874
14927
14953
15140
15152
15160
15168
15177
15183
15227
15231
15269
15329
15406
15445
15491
15787
15790
15798
15801
15817
15821
15843
15845
15856
15956
15969
15972
15983
16004
16070
16106
16107
16169
16192
16234
16257
16282
16283
16316
16437
16464
16595
16614
16666
16713
16716
16760
16786
16794
16818
16825
16840
16874
16939
16948
16959
16961
16969
16988
17018
17044
17139
17157
17158
17208
17212
17214
17263
17282
17302
17319
17416
17464
17512
17536
17556
17606
17608
17707
17758
17811
17826
17871
17902
17967
17992
18020
18030
18035
18119
18141
18146
18173
18206
18228
18246
18268
18290
18353
18369
18383
18386
18403
18419
18425
18445
18519
18528
18570
18597
18729
18815
18910
19026
19053
19146
19181
19188
19204
19256
19262
19276
19302
19321
19347
19383
19424
19457
19460
19464
19478
19502
19504
19514
19520
19521
19548
19574
19604
19686
19763
19788
19793
19799
19814
19927
19951
20041
20055
20056
20061
20078
20099
20172
20184
20195
20200
20284
20295
20315
20322
20323
20325
20372
20394
20401
20409
20417
20471
20492
20535
20540
20563
20664
20712
20741
20745
20752
20773
20781
20842
20855
20907
20922
20955
20958
20983
21093
21096
21192
21216
21268
21361
21365
21404
21443
21465
21512
21532
21545
21549
21559
21606
21635
21658
21680
21690
21692
21775
21780
21785
21853
21870
21937
21984
21995
22094
22232
22288
22319
22328
22366
22380
22386
22417
22465
22523
22525
22533
22567
22607
22619
22633
22668
22695
22721
22867
22894
22933
22988
22999
23071
23076
23135
23169
23203
23247
23262
23273
23289
23309
23324
23326
23347
23351
23392
23436
23458
23472
23483
23486
23493
23505
23509
23518
23543
23569
23591
23599
23603
23667
23682
23714
23771
23790
23809
23824
23839
23899
23900
23922
23932
23948
23976
23978
24097
24098
24210
24268
24278
24284
24392
24462
24523
24556
24572
24616
24667
24688
24745
24791
24874
24880
24886
24923
25007
25035
25053
25061
25083
25140
25235
25241
25297
25321
25344
25367
25409
25418
25457
25582
25631
25664
25693
25710
25719
25724
25789
25813
25826
25869
25951
25974
26169
26172
26232
26256
26284
26297
26309
26376
26389
26418
26440
26521
26529
26543
26585
26597
26656
26663
26685
26718
26767
26776
26812
26845
26851
26863
26931
26933
26939
26966
26988
27025
27085
27134
27170
27200
27213
27284
27318
27332
27352
27376
27405
27414
27424
27430
27438
27518
27531
27607
27608
27609
27623
27628
27647
27677
27711
27718
27778
27781
27784
27792
27867
27869
27917
27932
27982
28001
28005
28011
28065
28094
28131
28150
28157
28162
28241
28251
28256
28261
28265
28267
28272
28416
28443
28515
28534
28589
28622
28720
28744
28763
28785
28839
28859
28926
28966
28987
28995
29004
29005
29010
29032
29041
29059
29060
29160
29244
29308
29348
29351
29409
29435
29441
29531
29535
29548
29549
29553
29557
29698
29740
29743
29803
29843
29888
29902
29913
29940
29970
30069
30096
30128
30192
30201
30248
30260
30305
30312
30368
30439
30443
30474
30485
30562
30573
30580
30588
30610
30611
30619
30620
30693
30711
30729
30758
30785
30850
30919
30924
30961
30973
30987
31049
31128
31240
31248
31314
31317
31330
31356
31388
31456
31477
31494
31498
31500
31518
31520
31537
31539
31543
31660
31671
31729
31733
31807
31881
31913
31992
32006
32011
32045
32057
32063
32117
32135
32138
32158
32235
32248
32280
32292
32318
32433
32439
32451
32511
32520
32575
32591
32597
32601
32618
32623
32660
32674
32687
32703
32801
32847
32848
32859
32891
32896
33010
33017
33055
33076
33082
33088
33089
33116
33277
33301
33307
33334
33378
33438
33446
33448
33458
33496
33521
33543
33556
33576
33634
33645
33659
33671
33726
33853
33900
33975
33978
33985
33997
34007
34014
34015
34032
34045
34084
34134
34137
34140
34142
34213
34228
34251
34276
34277
34349
34352
34412
34427
34429
34441
34452
34466
34504
34579
34594
34634
34663
34682
34710
34760
34784
34797
34813
34830
34854
34873
34895
34908
34911
34946
34955
34987
34988
34998
35034
35208
35220
35252
35329
35341
35361
35424
35450
35499
35513
35536
35550
35552
35566
35760
35789
35839
35858
35928
35943
35982
35983
36104
36151
36194
36207
36219
36251
36261
36280
36308
36318
36348
36363
36375
36429
36487
36506
36623
36768
36773
36781
36784
36785
36791
36795
36798
36822
36839
36849
36877
36901
36944
37007
37008
37090
37169
37185
37207
37216
37255
37256
37284
37302
37368
37424
37495
37497
37512
37519
37535
37567
37594
37611
37779
37814
37873
37906
38001
38060
38159
38239
38331
38443
38470
38505
38514
38525
38529
38561
38565
38582
38699
38704
38708
38745
38819
38839
38866
38899
38908
38984
39107
39126
39129
39135
39165
39179
39245
39312
39316
39355
39359
39370
39400
39443
39478
39526
39531
39533
39592
39596
39606
39642
39666
39714
39764
39777
39807
39811
39812
39861
39906
39919
39984
39996
40010
40021
40038
40043
40070
40083
40168
40179
40195
40198
40208
40223
40225
40323
40329
40439
40522
40527
40602
40640
40654
40678
40690
40700
40713
40774
40779
40785
40844
40857
40875
40905
40948
40949
41051
41062
41167
41175
41207
41266
41272
41307
41350
41353
41375
41380
41382
41449
41494
41538
41558
41597
41610
41636
41661
41678
41695
41762
41793
41859
41883
41906
41914
41973
41988
41990
42012
42098
42114
42119
42121
42149
42171
42174
42190
42199
42201
42225
42235
42325
42362
42414
42434
42440
42481
42511
42553
42616
42632
42714
42813
42864
42876
42897
42903
42928
43011
43015
43101
43188
43205
43301
43364
43392
43431
43460
43470
43473
43494
43531
43535
43552
43557
43566
43615
43657
43667
43682
43787
43841
43851
43854
43924
43933
43977
43988
43995
44004
44096
44255
44272
44275
44289
44294
44318
44324
44367
44382
44400
44410
44517
44560
44566
44586
44605
44634
44644
44675
44693
44704
44768
44769
44796
44820
44884
44915
44962
44984
44999
45026
45057
45073
45108
45113
45124
45169
45187
45309
45375
45408
45412
45479
45506
45531
45617
45643
45666
45686
45703
45787
45798
45836
45895
45932
45948
45971
45982
46012
46129
46169
46191
46212
46319
46321
46405
46445
46463
46509
46569
46675
46696
46705
46737
46744
46765
46807
46813
46821
46889
46963
46966
47039
47073
47137
47167
47168
47175
47192
47233
47262
47298
47376
47391
47397
47412
47489
47604
47614
47644
47653
47716
47728
47729
47734
47785
47827
47936
47988
48032
48039
48064
48093
48109
48112
48222
48225
48227
48242
48265
48310
48356
48397
48399
48431
48544
48629
48657
48675
48709
48770
48771
48787
48840
48858
48878
48888
48962
49030
49152
49159
49183
49184
49356
49400
49406
49411
49432
49459
49490
49499
49505
49526
49554
49591
49632
49662
49691
49803
49822
49874
49906
49943
49980
49983
49987
50018
50020
50088
50099
50106
50164
50212
50279
50319
50371
50388
50398
50453
50488
50549
50551
50569
50570
50571
50602
50659
50666
50698
50749
50774
50823
50827
50830
50877
50923
50953
50963
50978
51011
51014
51024
51038
51039
51138
51142
51168
51195
51215
51220
51255
51283
51300
51309
51318
51385
51389
51400
51443
51445
51489
51569
51631
51640
51673
51696
51713
51720
51736
51777
51819
51826
51862
51948
51973
51989
52045
52051
52119
52183
52198
52234
52277
52283
52287
52452
52485
52515
52563
52586
52651
52658
52660
52711
52745
52746
52754
52786
52814
52848
52873
52921
52990
53058
53102
53133
53202
53243
53251
53296
53361
53381
53399
53402
53417
53435
53457
53480
53488
53490
53515
53589
53642
53669
53670
53685
53723
53760
53856
53860
53915
53942
53982
54011
54021
54027
54071
54092
54107
54122
54175
54205
54212
54270
54301
54333
54342
54347
54454
54479
54491
54603
54608
54655
54656
54673
54690
54705
54707
54760
54796
54803
54816
54891
54920
54968
54994
54998
55007
55025
55126
55174
55187
55188
55273
55330
55373
55430
55436
55495
55510
55653
55695
55702
55724
55764
55767
55772
55781
55784
55785
55810
55819
55836
55855
55881
55914
55942
55966
55987
55988
56003
56027
56046
56050
56068
56075
56124
56139
56149
56184
56212
56256
56262
56268
56278
56329
56363
56369
56399
56410
56414
56477
56490
56493
56529
56535
56574
56599
56607
56612
56619
56628
56658
56699
56718
56729
56807
56841
56852
56869
56954
56983
57050
57061
57140
57145
57169
57170
57171
57181
57187
57193
57207
57346
57448
57461
57570
57664
57734
57746
57783
57797
57820
57848
57888
57918
57955
57960
57971
58040
58041
58045
58059
58111
58139
58143
58180
58270
58282
58291
58301
58307
58350
58352
58395
58425
58430
58452
58480
58508
58570
58606
58610
58611
58706
58719
58787
58810
58866
58867
58898
58900
58915
58922
58945
58947
58965
58983
58988
59019
59065
59110
59279
59401
59451
59473
59535
59575
59745
59823
59838
59883
59914
59936
59952
59991
60083
60097
60143
60364
60418
60423
60458
60465
60475
60496
60585
60595
60679
60722
60731
60740
60746
60762
60769
60794
60809
60992
61008
61074
61089
61094
61121
61151
61189
61305
61308
61350
61353
61378
61381
61395
61397
61404
61451
61497
61520
61527
61533
61587
61604
61618
61642
61726
61734
61735
61818
61849
61885
61926
61951
61964
61966
62006
62028
62044
62074
62096
62120
62150
62174
62180
62216
62227
62249
62320
62453
62491
62511
62572
62580
62595
62646
62686
62758
62795
62882
62949
63035
63159
63170
63182
63247
63315
63348
63374
63399
63434
63456
63473
63675
63690
63779
63986
64002
64005
64037
64060
64109
64208
64256
64297
64299
64307
64332
64337
64340
64362
64373
64376
64443
64451
64453
64458
64482
64500
64501
64515
64543
64585
64591
64658
64688
64689
64708
64776
64801
64899
64969
65010
65084
65185
65238
65253
65445
65535
65559
65580
65611
65612
65620
65670
65705
65752
65756
65780
65811
65856
65870
65994
66089
66160
66177
66211
66245
66347
66467
66510
66542
66583
66631
66664
66686
66693
66738
66741
66769
66794
66836
66854
66856
66932
66937
67011
67124
67160
67195
67325
67332
67401
67594
67612
67654
67687
67707
67708
67745
67756
67811
67838
67842
67931
67952
67980
68002
68097
68134
68136
68149
68164
68176
68189
68298
68335
68376
68387
68413
68465
68474
68493
68513
68524
68543
68546
68548
68587
68621
68647
68717
68760
68777
68832
68840
68866
68916
68932
69037
69053
69130
69150
69235
69238
69265
69294
69298
69306
69373
69392
69428
69429
69435
69452
69533
69540
69543
69556
69558
69559
69567
69587
69616
69755
69818
69838
69841
69855
69881
69920
69939
69963
70006
70029
70049
70078
70106
70220
70235
70237
70256
70283
70289
70297
70312
70330
70341
70342
70384
70395
70400
70458
70492
70518
70572
70581
70598
70607
70627
70645
70648
70664
70669
70675
70801
70814
70871
70901
70928
70965
70989
71001
71012
71017
71024
71084
71196
71227
71304
71312
71320
71384
71385
71387
71401
71404
71477
71482
71637
71662
71693
71719
71792
71833
71860
71906
71930
72003
72030
72053
72102
72160
72190
72250
72283
72318
72429
72443
72494
72503
72512
72616
72754
72821
72822
72836
72843
72930
72969
72974
72990
73002
73015
73106
73132
73156
73247
73250
73262
73288
73300
73314
73320
73344
73397
73404
73424
73440
73450
73451
73733
73764
73815
73847
73876
73902
73972
74055
74065
74069
74094
74121
74123
74160
74208
74217
74221
74223
74346
74359
74480
74486
74574
74616
74621
74623
74633
74652
74658
74667
74670
74679
74686
74695
74865
74910
74947
74973
75015
75024
75033
75039
75044
75073
75090
75095
75110
75133
75181
75195
75197
75210
75231
75237
75261
75286
75296
75325
75359
75362
75388
75436
75456
75588
75716
75756
75781
75785
75841
75849
75898
75979
76001
76063
76089
76178
76180
76190
76233
76311
76419
76424
76453
76471
76478
76486
76525
76587
76589
76627
76657
76694
76696
76704
76711
76716
76747
76773
76786
76808
76865
76888
76916
76959
76968
76984
76993
77032
77045
77057
77064
77109
77121
77136
77152
77196
77204
77223
77262
77273
77392
77402
77407
77411
77454
77464
77578
77596
77674
77691
77709
77718
77732
77743
77748
77802
77807
77856
77959
77960
78016
78057
78086
78096
78141
78193
78255
78272
78305
78321
78360
78407
78477
78490
78559
78565
78604
78659
78714
78750
78783
78802
78811
78815
78865
78901
78920
78997
78998
79018
79029
79047
79058
79112
79157
79208
79218
79280
79283
79306
79323
79329
79361
79368
79406
79444
79453
79461
79493
79497
79510
79514
79515
79525
79575
79589
79602
79623
79729
79759
79823
79853
79894
80040
80063
80124
80137
80138
80171
80187
80193
80218
80249
80283
80292
80295
80396
80427
80433
80507
80508
80521
80540
80598
80648
80665
80691
80766
80782
80785
80863
80880
80883
80890
80925
80941
80992
81046
81076
81085
81090
81107
81178
81280
81327
81333
81356
81358
81363
81376
81380
81394
81460
81480
81488
81589
81736
81865
81942
81996
82040
82043
82044
82059
82070
82096
82171
82248
82275
82280
82295
82297
82299
82363
82364
82419
82426
82482
82514
82539
82541
82555
82582
82599
82624
82631
82647
82699
82780
82794
82809
82826
82831
82847
82919
82993
83010
83013
83102
83125
83213
83255
83285
83387
83434
83448
83502
83518
83637
83685
83714
83794
83797
83830
83845
83846
83855
83857
83891
84039
84054
84135
84151
84203
84211
84246
84256
84300
84345
84391
84452
84515
84522
84548
84566
84581
84716
84808
84870
84917
84932
85100
85130
85140
85149
85190
85216
85220
85221
85252
85275
85295
85317
85353
85391
85396
85402
85404
85427
85448
85482
85536
85579
85610
85668
85672
85676
85702
85703
85720
85725
85795
85826
85828
85830
85864
85934
85998
86006
86015
86047
86048
86084
86093
86127
86173
86207
86219
86259
86301
86339
86347
86407
86427
86462
86493
86523
86539
86595
86684
86708
86729
86786
86816
86824
87046
87145
87236
87292
87307
87344
87377
87380
87415
87451
87526
87567
87604
87634
87643
87712
87731
87777
87838
87926
87959
87988
88002
88060
88067
88093
88241
88257
88315
88337
88353
88386
88421
88462
88536
88592
88664
88678
88685
88692
88713
88827
88840
88856
88858
88888
88902
88910
88923
88957
88959
88965
88974
88981
89019
89051
89057
89217
89260
89356
89386
89399
89437
89439
89485
89508
89623
89735
89741
89762
89766
89914
89929
89943
89947
89949
89968
89980
90075
90146
90150
90151
90193
90201
90297
90304
90351
90396
90410
90419
90420
90444
90455
90502
90566
90634
90658
90666
90690
90693
90695
90736
90766
90803
90833
90843
90857
90881
90886
90929
90975
90984
90996
91052
91093
91320
91328
91336
91354
91381
91420
91479
91556
91558
91594
91684
91781
91817
91823
91833
91884
91887
91930
91973
91974
91987
92005
92043
92045
92114
92217
92274
92304
92308
92334
92340
92343
92346
92347
92378
92388
92485
92544
92559
92563
92590
92595
92624
92634
92680
92694
92753
92763
92814
92864
92881
92891
92950
92952
92966
93127
93160
93172
93186
93235
93254
93256
93288
93365
93412
93434
93504
93529
93533
93596
93633
93634
93638
93641
93656
93699
93705
93729
93761
93799
93813
93823
93834
93854
93859
93871
93917
93970
93977
93990
93993
94009
94046
94126
94168
94185
94195
94347
94369
94384
94388
94400
94439
94505
94524
94539
94541
94604
94631
94708
94714
94749
94784
94790
94804
94809
94824
94833
94838
94858
95001
95020
95026
95073
95110
95127
95132
95145
95153
95175
95239
95257
95304
95323
95366
95389
95423
95545
95669
95684
95694
95696
95700
95725
95787
95803
95825
95954
95970
96014
96067
96076
96093
96193
96211
96212
96218
96235
96251
96355
96382
96389
96424
96429
96457
96519
96554
96605
96742
96794
96797
96853
96863
96911
96916
96951
96990
96996
97016
97066
97075
97105
97122
97183
97247
97252
97254
97277
97399
97401
97532
97546
97549
97574
97640
97693
97700
97715
97729
97737
97740
97751
97764
97801
97855
97888
97950
97981
98064
98079
98089
98092
98093
98152
98161
98182
98189
98191
98214
98231
98306
98373
98384
98400
98403
98406
98413
98505
98563
98655
98676
98758
98767
98836
98847
98870
98892
98894
98942
98962
98969
98974
98989
99006
99048
99054
99104
99124
99127
99144
99226
99289
99337
99346
99407
99422
99427
99438
99446
99455
99470
99491
99520
99524
99529
99539
99581
99587
99670
99711
99719
99723
99755
99816
99837
99863
99881
99916
99919
99967
3000
65185
3000
97888
