35
35
71
71
99
99
109
109
135
135
136
136
154
154
315
315
322
322
377
377
395
395
413
413
416
416
420
420
424
424
436
436
452
452
467
467
523
523
536
536
552
552
654
654
655
655
706
706
821
821
845
845
927
927
936
936
949
949
961
961
970
970
990
990
1027
1027
1032
1032
1096
1096
1119
1119
1127
1127
1159
1159
1168
1168
1179
1179
1185
1185
1233
1233
1252
1252
1268
1268
1287
1287
1409
1409
1495
1495
1512
1512
1518
1518
1562
1562
1617
1617
1645
1645
1670
1670
1743
1743
1748
1748
1772
1772
1779
1779
1843
1843
1851
1851
1877
1877
1899
1899
1961
1961
1973
1973
2082
2082
2143
2143
2190
2190
2261
2261
2267
2267
2307
2307
2360
2360
2381
2381
2395
2395
2418
2418
2487
2487
2515
2515
2565
2565
2575
2575
2587
2587
2643
2643
2667
2667
2693
2693
2706
2706
2714
2714
2761
2761
2861
2861
2873
2873
2881
2881
2908
2908
2943
2943
3000
3000
3008
3008
3055
3055
3061
3061
3066
3066
3078
3078
3100
3100
3149
3149
3164
3164
3172
3172
3180
3180
3186
3186
3191
3191
3205
3205
3272
3272
3273
3273
3314
3314
3337
3337
3361
3361
3389
3389
3406
3406
3408
3408
3433
3433
3437
3437
3461
3461
3514
3514
3580
3580
3649
3649
3730
3730
3751
3751
3752
3752
3791
3791
3861
3861
3911
3911
3938
3938
4018
4018
4033
4033
4106
4106
4238
4238
4244
4244
4403
4403
4435
4435
4482
4482
4529
4529
4580
4580
4607
4607
4675
4675
4717
4717
4743
4743
4769
4769
4826
4826
4833
4833
4845
4845
4952
4952
4953
4953
4961
4961
4994
4994
4997
4997
5031
5031
5058
5058
5126
5126
5178
5178
5207
5207
5246
5246
5277
5277
5379
5379
5414
5414
5470
5470
5538
5538
5563
5563
5593
5593
5601
5601
5706
5706
5747
5747
5797
5797
5801
5801
5853
5853
5858
5858
5899
5899
5931
5931
6004
6004
6054
6054
6118
6118
6187
6187
6211
6211
6286
6286
6304
6304
6334
6334
6387
6387
6402
6402
6461
6461
6471
6471
6534
6534
6656
6656
6688
6688
6830
6830
6844
6844
6855
6855
6980
6980
7039
7039
7051
7051
7061
7061
7102
7102
7145
7145
7165
7165
7187
7187
7226
7226
7253
7253
7285
7285
7325
7325
7341
7341
7348
7348
7383
7383
7417
7417
7432
7432
7482
7482
7518
7518
7569
7569
7638
7638
7655
7655
7660
7660
7677
7677
7679
7679
7692
7692
7702
7702
7706
7706
7707
7707
7726
7726
7737
7737
7746
7746
7753
7753
7785
7785
7835
7835
7852
7852
7930
7930
7985
7985
8027
8027
8029
8029
8045
8045
8092
8092
8154
8154
8162
8162
8241
8241
8281
8281
8353
8353
8401
8401
8432
8432
8446
8446
8448
8448
8455
8455
8526
8526
8592
8592
8629
8629
8754
8754
8764
8764
8795
8795
8802
8802
8823
8823
8829
8829
8876
8876
8921
8921
8922
8922
8927
8927
8940
8940
8941
8941
8947
8947
8963
8963
9022
9022
9097
9097
9099
9099
9119
9119
9162
9162
9216
9216
9221
9221
9279
9279
9288
9288
9327
9327
9345
9345
9350
9350
9357
9357
9398
9398
9432
9432
9438
9438
9441
9441
9448
9448
9497
9497
9540
9540
9575
9575
9577
9577
9623
9623
9633
9633
9684
9684
9766
9766
9835
9835
9844
9844
9893
9893
9900
9900
9911
9911
9925
9925
10000
10000
10011
10011
10039
10039
10063
10063
10075
10075
10076
10076
10083
10083
10087
10087
10098
10098
10137
10137
10141
10141
10295
10295
10306
10306
10319
10319
10322
10322
10323
10323
10346
10346
10375
10375
10395
10395
10412
10412
10504
10504
10540
10540
10547
10547
10564
10564
10584
10584
10617
10617
10623
10623
10652
10652
10653
10653
10661
10661
10663
10663
10698
10698
10702
10702
10707
10707
10714
10714
10805
10805
10810
10810
10843
10843
10866
10866
10901
10901
10934
10934
10971
10971
11011
11011
11015
11015
11024
11024
11052
11052
11164
11164
11196
11196
11276
11276
11311
11311
11330
11330
11460
11460
11482
11482
11504
11504
11510
11510
11523
11523
11546
11546
11617
11617
11639
11639
11728
11728
11739
11739
11750
11750
11763
11763
11788
11788
11798
11798
11886
11886
11974
11974
11991
11991
11998
11998
12034
12034
12094
12094
12136
12136
12143
12143
12166
12166
12175
12175
12257
12257
12258
12258
12261
12261
12267
12267
12384
12384
12392
12392
12398
12398
12410
12410
12512
12512
12524
12524
12527
12527
12652
12652
12684
12684
12727
12727
12738
12738
12780
12780
12813
12813
12826
12826
12841
12841
12866
12866
12868
12868
12906
12906
12927
12927
12995
12995
12998
12998
13077
13077
13148
13148
13171
13171
13182
13182
13246
13246
13248
13248
13308
13308
13328
13328
13336
13336
13373
13373
13375
13375
13387
13387
13396
13396
13442
13442
13456
13456
13544
13544
13552
13552
13573
13573
13606
13606
13607
13607
13701
13701
13884
13884
13907
13907
13914
13914
13967
13967
14021
14021
14094
14094
14127
14127
14204
14204
14209
14209
14214
14214
14231
14231
14264
14264
14265
14265
14323
14323
14353
14353
14384
14384
14389
14389
14424
14424
14466
14466
14568
14568
14608
14608
14661
14661
14670
14670
14710
14710
14715
14715
14756
14756
14826
14826
14827
14827
14834
14834
14850
14850
14874
14874
14927
14927
14953
14953
15140
15140
15152
15152
15160
15160
15168
15168
15177
15177
15183
15183
15227
15227
15231
15231
15269
15269
15329
15329
15406
15406
15445
15445
15491
15491
15787
15787
15790
15790
15798
15798
15801
15801
15817
15817
15821
15821
15843
15843
15845
15845
15856
15856
15956
15956
15969
15969
15972
15972
15983
15983
16004
16004
16070
16070
16106
16106
16107
16107
16169
16169
16192
16192
16234
16234
16257
16257
16282
16282
16283
16283
16316
16316
16437
16437
16464
16464
16595
16595
16614
16614
16666
16666
16713
16713
16716
16716
16760
16760
16786
16786
16794
16794
16818
16818
16825
16825
16840
16840
16874
16874
16939
16939
16948
16948
16959
16959
16961
16961
16969
16969
16988
16988
17018
17018
17044
17044
17139
17139
17157
17157
17158
17158
17208
17208
17212
17212
17214
17214
17263
17263
17282
17282
17302
17302
17319
17319
17416
17416
17464
17464
17512
17512
17536
17536
17556
17556
17606
17606
17608
17608
17707
17707
17758
17758
17811
17811
17826
17826
17871
17871
17902
17902
17967
17967
17992
17992
18020
18020
18030
18030
18035
18035
18119
18119
18141
18141
18146
18146
18173
18173
18206
18206
18228
18228
18246
18246
18268
18268
18290
18290
18353
18353
18369
18369
18383
18383
18386
18386
18403
18403
18419
18419
18425
18425
18445
18445
18519
18519
18528
18528
18570
18570
18597
18597
18729
18729
18815
18815
18910
18910
19026
19026
19053
19053
19146
19146
19181
19181
19188
19188
19204
19204
19256
19256
19262
19262
19276
19276
19302
19302
19321
19321
19347
19347
19383
19383
19424
19424
19457
19457
19460
19460
19464
19464
19478
19478
19502
19502
19504
19504
19514
19514
19520
19520
19521
19521
19548
19548
19574
19574
19604
19604
19686
19686
19763
19763
19788
19788
19793
19793
19799
19799
19814
19814
19927
19927
19951
19951
20041
20041
20055
20055
20056
20056
20061
20061
20078
20078
20099
20099
20172
20172
20184
20184
20195
20195
20200
20200
20284
20284
20295
20295
20315
20315
20322
20322
20323
20323
20325
20325
20372
20372
20394
20394
20401
20401
20409
20409
20417
20417
20471
20471
20492
20492
20535
20535
20540
20540
20563
20563
20664
20664
20712
20712
20741
20741
20745
20745
20752
20752
20773
20773
20781
20781
20842
20842
20855
20855
20907
20907
20922
20922
20955
20955
20958
20958
20983
20983
21093
21093
21096
21096
21192
21192
21216
21216
21268
21268
21361
21361
21365
21365
21404
21404
21443
21443
21465
21465
21512
21512
21532
21532
21545
21545
21549
21549
21559
21559
21606
21606
21635
21635
21658
21658
21680
21680
21690
21690
21692
21692
21775
21775
21780
21780
21785
21785
21853
21853
21870
21870
21937
21937
21984
21984
21995
21995
22094
22094
22232
22232
22288
22288
22319
22319
22328
22328
22366
22366
22380
22380
22386
22386
22417
22417
22465
22465
22523
22523
22525
22525
22533
22533
22567
22567
22607
22607
22619
22619
22633
22633
22668
22668
22695
22695
22721
22721
22867
22867
22894
22894
22933
22933
22988
22988
22999
22999
23071
23071
23076
23076
23135
23135
23169
23169
23203
23203
23247
23247
23262
23262
23273
23273
23289
23289
23309
23309
23324
23324
23326
23326
23347
23347
23351
23351
23392
23392
23436
23436
23458
23458
23472
23472
23483
23483
23486
23486
23493
23493
23505
23505
23509
23509
23518
23518
23543
23543
23569
23569
23591
23591
23599
23599
23603
23603
23667
23667
23682
23682
23714
23714
23771
23771
23790
23790
23809
23809
23824
23824
23839
23839
23899
23899
23900
23900
23922
23922
23932
23932
23948
23948
23976
23976
23978
23978
24097
24097
24098
24098
24210
24210
24268
24268
24278
24278
24284
24284
24392
24392
24462
24462
24523
24523
24556
24556
24572
24572
24616
24616
24667
24667
24688
24688
24745
24745
24791
24791
24874
24874
24880
24880
24886
24886
24923
24923
25007
25007
25035
25035
25053
25053
25061
25061
25083
25083
25140
25140
25235
25235
25241
25241
25297
25297
25321
25321
25344
25344
25367
25367
25409
25409
25418
25418
25457
25457
25582
25582
25631
25631
25664
25664
25693
25693
25710
25710
25719
25719
25724
25724
25789
25789
25813
25813
25826
25826
25869
25869
25951
25951
25974
25974
26169
26169
26172
26172
26232
26232
26256
26256
26284
26284
26297
26297
26309
26309
26376
26376
26389
26389
26418
26418
26440
26440
26521
26521
26529
26529
26543
26543
26585
26585
26597
26597
26656
26656
26663
26663
26685
26685
26718
26718
26767
26767
26776
26776
26812
26812
26845
26845
26851
26851
26863
26863
26931
26931
26933
26933
26939
26939
26966
26966
26988
26988
27025
27025
27085
27085
27134
27134
27170
27170
27200
27200
27213
27213
27284
27284
27318
27318
27332
27332
27352
27352
27376
27376
27405
27405
27414
27414
27424
27424
27430
27430
27438
27438
27518
27518
27531
27531
27607
27607
27608
27608
27609
27609
27623
27623
27628
27628
27647
27647
27677
27677
27711
27711
27718
27718
27778
27778
27781
27781
27784
27784
27792
27792
27867
27867
27869
27869
27917
27917
27932
27932
27982
27982
28001
28001
28005
28005
28011
28011
28065
28065
28094
28094
28131
28131
28150
28150
28157
28157
28162
28162
28241
28241
28251
28251
28256
28256
28261
28261
28265
28265
28267
28267
28272
28272
28416
28416
28443
28443
28515
28515
28534
28534
28589
28589
28622
28622
28720
28720
28744
28744
28763
28763
28785
28785
28839
28839
28859
28859
28926
28926
28966
28966
28987
28987
28995
28995
29004
29004
29005
29005
29010
29010
29032
29032
29041
29041
29059
29059
29060
29060
29160
29160
29244
29244
29308
29308
29348
29348
29351
29351
29409
29409
29435
29435
29441
29441
29531
29531
29535
29535
29548
29548
29549
29549
29553
29553
29557
29557
29698
29698
29740
29740
29743
29743
29803
29803
29843
29843
29888
29888
29902
29902
29913
29913
29940
29940
29970
29970
30069
30069
30096
30096
30128
30128
30192
30192
30201
30201
30248
30248
30260
30260
30305
30305
30312
30312
30368
30368
30439
30439
30443
30443
30474
30474
30485
30485
30562
30562
30573
30573
30580
30580
30588
30588
30610
30610
30611
30611
30619
30619
30620
30620
30693
30693
30711
30711
30729
30729
30758
30758
30785
30785
30850
30850
30919
30919
30924
30924
30961
30961
30973
30973
30987
30987
31049
31049
31128
31128
31240
31240
31248
31248
31314
31314
31317
31317
31330
31330
31356
31356
31388
31388
31456
31456
31477
31477
31494
31494
31498
31498
31500
31500
31518
31518
31520
31520
31537
31537
31539
31539
31543
31543
31660
31660
31671
31671
31729
31729
31733
31733
31807
31807
31881
31881
31913
31913
31992
31992
32006
32006
32011
32011
32045
32045
32057
32057
32063
32063
32117
32117
32135
32135
32138
32138
32158
32158
32235
32235
32248
32248
32280
32280
32292
32292
32318
32318
32433
32433
32439
32439
32451
32451
32511
32511
32520
32520
32575
32575
32591
32591
32597
32597
32601
32601
32618
32618
32623
32623
32660
32660
32674
32674
32687
32687
32703
32703
32801
32801
32847
32847
32848
32848
32859
32859
32891
32891
32896
32896
33010
33010
33017
33017
33055
33055
33076
33076
33082
33082
33088
33088
33089
33089
33116
33116
33277
33277
33301
33301
33307
33307
33334
33334
33378
33378
33438
33438
33446
33446
33448
33448
33458
33458
33496
33496
33521
33521
33543
33543
33556
33556
33576
33576
33634
33634
33645
33645
33659
33659
33671
33671
33726
33726
33853
33853
33900
33900
33975
33975
33978
33978
33985
33985
33997
33997
34007
34007
34014
34014
34015
34015
34032
34032
34045
34045
34084
34084
34134
34134
34137
34137
34140
34140
34142
34142
34213
34213
34228
34228
34251
34251
34276
34276
34277
34277
34349
34349
34352
34352
34412
34412
34427
34427
34429
34429
34441
34441
34452
34452
34466
34466
34504
34504
34579
34579
34594
34594
34634
34634
34663
34663
34682
34682
34710
34710
34760
34760
34784
34784
34797
34797
34813
34813
34830
34830
34854
34854
34873
34873
34895
34895
34908
34908
34911
34911
34946
34946
34955
34955
34987
34987
34988
34988
34998
34998
35034
35034
35208
35208
35220
35220
35252
35252
35329
35329
35341
35341
35361
35361
35424
35424
35450
35450
35499
35499
35513
35513
35536
35536
35550
35550
35552
35552
35566
35566
35760
35760
35789
35789
35839
35839
35858
35858
35928
35928
35943
35943
35982
35982
35983
35983
36104
36104
36151
36151
36194
36194
36207
36207
36219
36219
36251
36251
36261
36261
36280
36280
36308
36308
36318
36318
36348
36348
36363
36363
36375
36375
36429
36429
36487
36487
36506
36506
36623
36623
36768
36768
36773
36773
36781
36781
36784
36784
36785
36785
36791
36791
36795
36795
36798
36798
36822
36822
36839
36839
36849
36849
36877
36877
36901
36901
36944
36944
37007
37007
37008
37008
37090
37090
37169
37169
37185
37185
37207
37207
37216
37216
37255
37255
37256
37256
37284
37284
37302
37302
37368
37368
37424
37424
37495
37495
37497
37497
37512
37512
37519
37519
37535
37535
37567
37567
37594
37594
37611
37611
37779
37779
37814
37814
37873
37873
37906
37906
38001
38001
38060
38060
38159
38159
38239
38239
38331
38331
38443
38443
38470
38470
38505
38505
38514
38514
38525
38525
38529
38529
38561
38561
38565
38565
38582
38582
38699
38699
38704
38704
38708
38708
38745
38745
38819
38819
38839
38839
38866
38866
38899
38899
38908
38908
38984
38984
39107
39107
39126
39126
39129
39129
39135
39135
39165
39165
39179
39179
39245
39245
39312
39312
39316
39316
39355
39355
39359
39359
39370
39370
39400
39400
39443
39443
39478
39478
39526
39526
39531
39531
39533
39533
39592
39592
39596
39596
39606
39606
39642
39642
39666
39666
39714
39714
39764
39764
39777
39777
39807
39807
39811
39811
39812
39812
39861
39861
39906
39906
39919
39919
39984
39984
39996
39996
40010
40010
40021
40021
40038
40038
40043
40043
40070
40070
40083
40083
40168
40168
40179
40179
40195
40195
40198
40198
40208
40208
40223
40223
40225
40225
40323
40323
40329
40329
40439
40439
40522
40522
40527
40527
40602
40602
40640
40640
40654
40654
40678
40678
40690
40690
40700
40700
40713
40713
40774
40774
40779
40779
40785
40785
40844
40844
40857
40857
40875
40875
40905
40905
40948
40948
40949
40949
41051
41051
41062
41062
41167
41167
41175
41175
41207
41207
41266
41266
41272
41272
41307
41307
41350
41350
41353
41353
41375
41375
41380
41380
41382
41382
41449
41449
41494
41494
41538
41538
41558
41558
41597
41597
41610
41610
41636
41636
41661
41661
41678
41678
41695
41695
41762
41762
41793
41793
41859
41859
41883
41883
41906
41906
41914
41914
41973
41973
41988
41988
41990
41990
42012
42012
42098
42098
42114
42114
42119
42119
42121
42121
42149
42149
42171
42171
42174
42174
42190
42190
42199
42199
42201
42201
42225
42225
42235
42235
42325
42325
42362
42362
42414
42414
42434
42434
42440
42440
42481
42481
42511
42511
42553
42553
42616
42616
42632
42632
42714
42714
42813
42813
42864
42864
42876
42876
42897
42897
42903
42903
42928
42928
43011
43011
43015
43015
43101
43101
43188
43188
43205
43205
43301
43301
43364
43364
43392
43392
43431
43431
43460
43460
43470
43470
43473
43473
43494
43494
43531
43531
43535
43535
43552
43552
43557
43557
43566
43566
43615
43615
43657
43657
43667
43667
43682
43682
43787
43787
43841
43841
43851
43851
43854
43854
43924
43924
43933
43933
43977
43977
43988
43988
43995
43995
44004
44004
44096
44096
44255
44255
44272
44272
44275
44275
44289
44289
44294
44294
44318
44318
44324
44324
44367
44367
44382
44382
44400
44400
44410
44410
44517
44517
44560
44560
44566
44566
44586
44586
44605
44605
44634
44634
44644
44644
44675
44675
44693
44693
44704
44704
44768
44768
44769
44769
44796
44796
44820
44820
44884
44884
44915
44915
44962
44962
44984
44984
44999
44999
45026
45026
45057
45057
45073
45073
45108
45108
45113
45113
45124
45124
45169
45169
45187
45187
45309
45309
45375
45375
45408
45408
45412
45412
45479
45479
45506
45506
45531
45531
45617
45617
45643
45643
45666
45666
45686
45686
45703
45703
45787
45787
45798
45798
45836
45836
45895
45895
45932
45932
45948
45948
45971
45971
45982
45982
46012
46012
46129
46129
46169
46169
46191
46191
46212
46212
46319
46319
46321
46321
46405
46405
46445
46445
46463
46463
46509
46509
46569
46569
46675
46675
46696
46696
46705
46705
46737
46737
46744
46744
46765
46765
46807
46807
46813
46813
46821
46821
46889
46889
46963
46963
46966
46966
47039
47039
47073
47073
47137
47137
47167
47167
47168
47168
47175
47175
47192
47192
47233
47233
47262
47262
47298
47298
47376
47376
47391
47391
47397
47397
47412
47412
47489
47489
47604
47604
47614
47614
47644
47644
47653
47653
47716
47716
47728
47728
47729
47729
47734
47734
47785
47785
47827
47827
47936
47936
47988
47988
48032
48032
48039
48039
48064
48064
48093
48093
48109
48109
48112
48112
48222
48222
48225
48225
48227
48227
48242
48242
48265
48265
48310
48310
48356
48356
48397
48397
48399
48399
48431
48431
48544
48544
48629
48629
48657
48657
48675
48675
48709
48709
48770
48770
48771
48771
48787
48787
48840
48840
48858
48858
48878
48878
48888
48888
48962
48962
49030
49030
49152
49152
49159
49159
49183
49183
49184
49184
49356
49356
49400
49400
49406
49406
49411
49411
49432
49432
49459
49459
49490
49490
49499
49499
49505
49505
49526
49526
49554
49554
49591
49591
49632
49632
49662
49662
49691
49691
49803
49803
49822
49822
49874
49874
49906
49906
49943
49943
49980
49980
49983
49983
49987
49987
50018
50018
50020
50020
50088
50088
50099
50099
50106
50106
50164
50164
50212
50212
50279
50279
50319
50319
50371
50371
50388
50388
50398
50398
50453
50453
50488
50488
50549
50549
50551
50551
50569
50569
50570
50570
50571
50571
50602
50602
50659
50659
50666
50666
50698
50698
50749
50749
50774
50774
50823
50823
50827
50827
50830
50830
50877
50877
50923
50923
50953
50953
50963
50963
50978
50978
51011
51011
51014
51014
51024
51024
51038
51038
51039
51039
51138
51138
51142
51142
51168
51168
51195
51195
51215
51215
51220
51220
51255
51255
51283
51283
51300
51300
51309
51309
51318
51318
51385
51385
51389
51389
51400
51400
51443
51443
51445
51445
51489
51489
51569
51569
51631
51631
51640
51640
51673
51673
51696
51696
51713
51713
51720
51720
51736
51736
51777
51777
51819
51819
51826
51826
51862
51862
51948
51948
51973
51973
51989
51989
52045
52045
52051
52051
52119
52119
52183
52183
52198
52198
52234
52234
52277
52277
52283
52283
52287
52287
52452
52452
52485
52485
52515
52515
52563
52563
52586
52586
52651
52651
52658
52658
52660
52660
52711
52711
52745
52745
52746
52746
52754
52754
52786
52786
52814
52814
52848
52848
52873
52873
52921
52921
52990
52990
53058
53058
53102
53102
53133
53133
53202
53202
53243
53243
53251
53251
53296
53296
53361
53361
53381
53381
53399
53399
53402
53402
53417
53417
53435
53435
53457
53457
53480
53480
53488
53488
53490
53490
53515
53515
53589
53589
53642
53642
53669
53669
53670
53670
53685
53685
53723
53723
53760
53760
53856
53856
53860
53860
53915
53915
53942
53942
53982
53982
54011
54011
54021
54021
54027
54027
54071
54071
54092
54092
54107
54107
54122
54122
54175
54175
54205
54205
54212
54212
54270
54270
54301
54301
54333
54333
54342
54342
54347
54347
54454
54454
54479
54479
54491
54491
54603
54603
54608
54608
54655
54655
54656
54656
54673
54673
54690
54690
54705
54705
54707
54707
54760
54760
54796
54796
54803
54803
54816
54816
54891
54891
54920
54920
54968
54968
54994
54994
54998
54998
55007
55007
55025
55025
55126
55126
55174
55174
55187
55187
55188
55188
55273
55273
55330
55330
55373
55373
55430
55430
55436
55436
55495
55495
55510
55510
55653
55653
55695
55695
55702
55702
55724
55724
55764
55764
55767
55767
55772
55772
55781
55781
55784
55784
55785
55785
55810
55810
55819
55819
55836
55836
55855
55855
55881
55881
55914
55914
55942
55942
55966
55966
55987
55987
55988
55988
56003
56003
56027
56027
56046
56046
56050
56050
56068
56068
56075
56075
56124
56124
56139
56139
56149
56149
56184
56184
56212
56212
56256
56256
56262
56262
56268
56268
56278
56278
56329
56329
56363
56363
56369
56369
56399
56399
56410
56410
56414
56414
56477
56477
56490
56490
56493
56493
56529
56529
56535
56535
56574
56574
56599
56599
56607
56607
56612
56612
56619
56619
56628
56628
56658
56658
56699
56699
56718
56718
56729
56729
56807
56807
56841
56841
56852
56852
56869
56869
56954
56954
56983
56983
57050
57050
57061
57061
57140
57140
57145
57145
57169
57169
57170
57170
57171
57171
57181
57181
57187
57187
57193
57193
57207
57207
57346
57346
57448
57448
57461
57461
57570
57570
57664
57664
57734
57734
57746
57746
57783
57783
57797
57797
57820
57820
57848
57848
57888
57888
57918
57918
57955
57955
57960
57960
57971
57971
58040
58040
58041
58041
58045
58045
58059
58059
58111
58111
58139
58139
58143
58143
58180
58180
58270
58270
58282
58282
58291
58291
58301
58301
58307
58307
58350
58350
58352
58352
58395
58395
58425
58425
58430
58430
58452
58452
58480
58480
58508
58508
58570
58570
58606
58606
58610
58610
58611
58611
58706
58706
58719
58719
58787
58787
58810
58810
58866
58866
58867
58867
58898
58898
58900
58900
58915
58915
58922
58922
58945
58945
58947
58947
58965
58965
58983
58983
58988
58988
59019
59019
59065
59065
59110
59110
59279
59279
59401
59401
59451
59451
59473
59473
59535
59535
59575
59575
59745
59745
59823
59823
59838
59838
59883
59883
59914
59914
59936
59936
59952
59952
59991
59991
60083
60083
60097
60097
60143
60143
60364
60364
60418
60418
60423
60423
60458
60458
60465
60465
60475
60475
60496
60496
60585
60585
60595
60595
60679
60679
60722
60722
60731
60731
60740
60740
60746
60746
60762
60762
60769
60769
60794
60794
60809
60809
60992
60992
61008
61008
61074
61074
61089
61089
61094
61094
61121
61121
61151
61151
61189
61189
61305
61305
61308
61308
61350
61350
61353
61353
61378
61378
61381
61381
61395
61395
61397
61397
61404
61404
61451
61451
61497
61497
61520
61520
61527
61527
61533
61533
61587
61587
61604
61604
61618
61618
61642
61642
61726
61726
61734
61734
61735
61735
61818
61818
61849
61849
61885
61885
61926
61926
61951
61951
61964
61964
61966
61966
62006
62006
62028
62028
62044
62044
62074
62074
62096
62096
62120
62120
62150
62150
62174
62174
62180
62180
62216
62216
62227
62227
62249
62249
62320
62320
62453
62453
62491
62491
62511
62511
62572
62572
62580
62580
62595
62595
62646
62646
62686
62686
62758
62758
62795
62795
62882
62882
62949
62949
63035
63035
63159
63159
63170
63170
63182
63182
63247
63247
63315
63315
63348
63348
63374
63374
63399
63399
63434
63434
63456
63456
63473
63473
63675
63675
63690
63690
63779
63779
63986
63986
64002
64002
64005
64005
64037
64037
64060
64060
64109
64109
64208
64208
64256
64256
64297
64297
64299
64299
64307
64307
64332
64332
64337
64337
64340
64340
64362
64362
64373
64373
64376
64376
64443
64443
64451
64451
64453
64453
64458
64458
64482
64482
64500
64500
64501
64501
64515
64515
64543
64543
64585
64585
64591
64591
64658
64658
64688
64688
64689
64689
64708
64708
64776
64776
64801
64801
64899
64899
64969
64969
65010
65010
65084
65084
65185
65185
65185
65238
65238
65253
65253
65445
65445
65535
65535
65559
65559
65580
65580
65611
65611
65612
65612
65620
65620
65670
65670
65705
65705
65752
65752
65756
65756
65780
65780
65811
65811
65856
65856
65870
65870
65994
65994
66089
66089
66160
66160
66177
66177
66211
66211
66245
66245
66347
66347
66467
66467
66510
66510
66542
66542
66583
66583
66631
66631
66664
66664
66686
66686
66693
66693
66738
66738
66741
66741
66769
66769
66794
66794
66836
66836
66854
66854
66856
66856
66932
66932
66937
66937
67011
67011
67124
67124
67160
67160
67195
67195
67325
67325
67332
67332
67401
67401
67594
67594
67612
67612
67654
67654
67687
67687
67707
67707
67708
67708
67745
67745
67756
67756
67811
67811
67838
67838
67842
67842
67931
67931
67952
67952
67980
67980
68002
68002
68097
68097
68134
68134
68136
68136
68149
68149
68164
68164
68176
68176
68189
68189
68298
68298
68335
68335
68376
68376
68387
68387
68413
68413
68465
68465
68474
68474
68493
68493
68513
68513
68524
68524
68543
68543
68546
68546
68548
68548
68587
68587
68621
68621
68647
68647
68717
68717
68760
68760
68777
68777
68832
68832
68840
68840
68866
68866
68916
68916
68932
68932
69037
69037
69053
69053
69130
69130
69150
69150
69235
69235
69238
69238
69265
69265
69294
69294
69298
69298
69306
69306
69373
69373
69392
69392
69428
69428
69429
69429
69435
69435
69452
69452
69533
69533
69540
69540
69543
69543
69556
69556
69558
69558
69559
69559
69567
69567
69587
69587
69616
69616
69755
69755
69818
69818
69838
69838
69841
69841
69855
69855
69881
69881
69920
69920
69939
69939
69963
69963
70006
70006
70029
70029
70049
70049
70078
70078
70106
70106
70220
70220
70235
70235
70237
70237
70256
70256
70283
70283
70289
70289
70297
70297
70312
70312
70330
70330
70341
70341
70342
70342
70384
70384
70395
70395
70400
70400
70458
70458
70492
70492
70518
70518
70572
70572
70581
70581
70598
70598
70607
70607
70627
70627
70645
70645
70648
70648
70664
70664
70669
70669
70675
70675
70801
70801
70814
70814
70871
70871
70901
70901
70928
70928
70965
70965
70989
70989
71001
71001
71012
71012
71017
71017
71024
71024
71084
71084
71196
71196
71227
71227
71304
71304
71312
71312
71320
71320
71384
71384
71385
71385
71387
71387
71401
71401
71404
71404
71477
71477
71482
71482
71637
71637
71662
71662
71693
71693
71719
71719
71792
71792
71833
71833
71860
71860
71906
71906
71930
71930
72003
72003
72030
72030
72053
72053
72102
72102
72160
72160
72190
72190
72250
72250
72283
72283
72318
72318
72429
72429
72443
72443
72494
72494
72503
72503
72512
72512
72616
72616
72754
72754
72821
72821
72822
72822
72836
72836
72843
72843
72930
72930
72969
72969
72974
72974
72990
72990
73002
73002
73015
73015
73106
73106
73132
73132
73156
73156
73247
73247
73250
73250
73262
73262
73288
73288
73300
73300
73314
73314
73320
73320
73344
73344
73397
73397
73404
73404
73424
73424
73440
73440
73450
73450
73451
73451
73733
73733
73764
73764
73815
73815
73847
73847
73876
73876
73902
73902
73972
73972
74055
74055
74065
74065
74069
74069
74094
74094
74121
74121
74123
74123
74160
74160
74208
74208
74217
74217
74221
74221
74223
74223
74346
74346
74359
74359
74480
74480
74486
74486
74574
74574
74616
74616
74621
74621
74623
74623
74633
74633
74652
74652
74658
74658
74667
74667
74670
74670
74679
74679
74686
74686
74695
74695
74865
74865
74910
74910
74947
74947
74973
74973
75015
75015
75024
75024
75033
75033
75039
75039
75044
75044
75073
75073
75090
75090
75095
75095
75110
75110
75133
75133
75181
75181
75195
75195
75197
75197
75210
75210
75231
75231
75237
75237
75261
75261
75286
75286
75296
75296
75325
75325
75359
75359
75362
75362
75388
75388
75436
75436
75456
75456
75588
75588
75716
75716
75756
75756
75781
75781
75785
75785
75841
75841
75849
75849
75898
75898
75979
75979
76001
76001
76063
76063
76089
76089
76178
76178
76180
76180
76190
76190
76233
76233
76311
76311
76419
76419
76424
76424
76453
76453
76471
76471
76478
76478
76486
76486
76525
76525
76587
76587
76589
76589
76627
76627
76657
76657
76694
76694
76696
76696
76704
76704
76711
76711
76716
76716
76747
76747
76773
76773
76786
76786
76808
76808
76865
76865
76888
76888
76916
76916
76959
76959
76968
76968
76984
76984
76993
76993
77032
77032
77045
77045
77057
77057
77064
77064
77109
77109
77121
77121
77136
77136
77152
77152
77196
77196
77204
77204
77223
77223
77262
77262
77273
77273
77392
77392
77402
77402
77407
77407
77411
77411
77454
77454
77464
77464
77578
77578
77596
77596
77674
77674
77691
77691
77709
77709
77718
77718
77732
77732
77743
77743
77748
77748
77802
77802
77807
77807
77856
77856
77959
77959
77960
77960
78016
78016
78057
78057
78086
78086
78096
78096
78141
78141
78193
78193
78255
78255
78272
78272
78305
78305
78321
78321
78360
78360
78407
78407
78477
78477
78490
78490
78559
78559
78565
78565
78604
78604
78659
78659
78714
78714
78750
78750
78783
78783
78802
78802
78811
78811
78815
78815
78865
78865
78901
78901
78920
78920
78997
78997
78998
78998
79018
79018
79029
79029
79047
79047
79058
79058
79112
79112
79157
79157
79208
79208
79218
79218
79280
79280
79283
79283
79306
79306
79323
79323
79329
79329
79361
79361
79368
79368
79406
79406
79444
79444
79453
79453
79461
79461
79493
79493
79497
79497
79510
79510
79514
79514
79515
79515
79525
79525
79575
79575
79589
79589
79602
79602
79623
79623
79729
79729
79759
79759
79823
79823
79853
79853
79894
79894
80040
80040
80063
80063
80124
80124
80137
80137
80138
80138
80171
80171
80187
80187
80193
80193
80218
80218
80249
80249
80283
80283
80292
80292
80295
80295
80396
80396
80427
80427
80433
80433
80507
80507
80508
80508
80521
80521
80540
80540
80598
80598
80648
80648
80665
80665
80691
80691
80766
80766
80782
80782
80785
80785
80863
80863
80880
80880
80883
80883
80890
80890
80925
80925
80941
80941
80992
80992
81046
81046
81076
81076
81085
81085
81090
81090
81107
81107
81178
81178
81280
81280
81327
81327
81333
81333
81356
81356
81358
81358
81363
81363
81376
81376
81380
81380
81394
81394
81460
81460
81480
81480
81488
81488
81589
81589
81736
81736
81865
81865
81942
81942
81996
81996
82040
82040
82043
82043
82044
82044
82059
82059
82070
82070
82096
82096
82171
82171
82248
82248
82275
82275
82280
82280
82295
82295
82297
82297
82299
82299
82363
82363
82364
82364
82419
82419
82426
82426
82482
82482
82514
82514
82539
82539
82541
82541
82555
82555
82582
82582
82599
82599
82624
82624
82631
82631
82647
82647
82699
82699
82780
82780
82794
82794
82809
82809
82826
82826
82831
82831
82847
82847
82919
82919
82993
82993
83010
83010
83013
83013
83102
83102
83125
83125
83213
83213
83255
83255
83285
83285
83387
83387
83434
83434
83448
83448
83502
83502
83518
83518
83637
83637
83685
83685
83714
83714
83794
83794
83797
83797
83830
83830
83845
83845
83846
83846
83855
83855
83857
83857
83891
83891
84039
84039
84054
84054
84135
84135
84151
84151
84203
84203
84211
84211
84246
84246
84256
84256
84300
84300
84345
84345
84391
84391
84452
84452
84515
84515
84522
84522
84548
84548
84566
84566
84581
84581
84716
84716
84808
84808
84870
84870
84917
84917
84932
84932
85100
85100
85130
85130
85140
85140
85149
85149
85190
85190
85216
85216
85220
85220
85221
85221
85252
85252
85275
85275
85295
85295
85317
85317
85353
85353
85391
85391
85396
85396
85402
85402
85404
85404
85427
85427
85448
85448
85482
85482
85536
85536
85579
85579
85610
85610
85668
85668
85672
85672
85676
85676
85702
85702
85703
85703
85720
85720
85725
85725
85795
85795
85826
85826
85828
85828
85830
85830
85864
85864
85934
85934
85998
85998
86006
86006
86015
86015
86047
86047
86048
86048
86084
86084
86093
86093
86127
86127
86173
86173
86207
86207
86219
86219
86259
86259
86301
86301
86339
86339
86347
86347
86407
86407
86427
86427
86462
86462
86493
86493
86523
86523
86539
86539
86595
86595
86684
86684
86708
86708
86729
86729
86786
86786
86816
86816
86824
86824
87046
87046
87145
87145
87236
87236
87292
87292
87307
87307
87344
87344
87377
87377
87380
87380
87415
87415
87451
87451
87526
87526
87567
87567
87604
87604
87634
87634
87643
87643
87712
87712
87731
87731
87777
87777
87838
87838
87926
87926
87959
87959
87988
87988
88002
88002
88060
88060
88067
88067
88093
88093
88241
88241
88257
88257
88315
88315
88337
88337
88353
88353
88386
88386
88421
88421
88462
88462
88536
88536
88592
88592
88664
88664
88678
88678
88685
88685
88692
88692
88713
88713
88827
88827
88840
88840
88856
88856
88858
88858
88888
88888
88902
88902
88910
88910
88923
88923
88957
88957
88959
88959
88965
88965
88974
88974
88981
88981
89019
89019
89051
89051
89057
89057
89217
89217
89260
89260
89356
89356
89386
89386
89399
89399
89437
89437
89439
89439
89485
89485
89508
89508
89623
89623
89735
89735
89741
89741
89762
89762
89766
89766
89914
89914
89929
89929
89943
89943
89947
89947
89949
89949
89968
89968
89980
89980
90075
90075
90146
90146
90150
90150
90151
90151
90193
90193
90201
90201
90297
90297
90304
90304
90351
90351
90396
90396
90410
90410
90419
90419
90420
90420
90444
90444
90455
90455
90502
90502
90566
90566
90634
90634
90658
90658
90666
90666
90690
90690
90693
90693
90695
90695
90736
90736
90766
90766
90803
90803
90833
90833
90843
90843
90857
90857
90881
90881
90886
90886
90929
90929
90975
90975
90984
90984
90996
90996
91052
91052
91093
91093
91320
91320
91328
91328
91336
91336
91354
91354
91381
91381
91420
91420
91479
91479
91556
91556
91558
91558
91594
91594
91684
91684
91781
91781
91817
91817
91823
91823
91833
91833
91884
91884
91887
91887
91930
91930
91973
91973
91974
91974
91987
91987
92005
92005
92043
92043
92045
92045
92114
92114
92217
92217
92274
92274
92304
92304
92308
92308
92334
92334
92340
92340
92343
92343
92346
92346
92347
92347
92378
92378
92388
92388
92485
92485
92544
92544
92559
92559
92563
92563
92590
92590
92595
92595
92624
92624
92634
92634
92680
92680
92694
92694
92753
92753
92763
92763
92814
92814
92864
92864
92881
92881
92891
92891
92950
92950
92952
92952
92966
92966
93127
93127
93160
93160
93172
93172
93186
93186
93235
93235
93254
93254
93256
93256
93288
93288
93365
93365
93412
93412
93434
93434
93504
93504
93529
93529
93533
93533
93596
93596
93633
93633
93634
93634
93638
93638
93641
93641
93656
93656
93699
93699
93705
93705
93729
93729
93761
93761
93799
93799
93813
93813
93823
93823
93834
93834
93854
93854
93859
93859
93871
93871
93917
93917
93970
93970
93977
93977
93990
93990
93993
93993
94009
94009
94046
94046
94126
94126
94168
94168
94185
94185
94195
94195
94347
94347
94369
94369
94384
94384
94388
94388
94400
94400
94439
94439
94505
94505
94524
94524
94539
94539
94541
94541
94604
94604
94631
94631
94708
94708
94714
94714
94749
94749
94784
94784
94790
94790
94804
94804
94809
94809
94824
94824
94833
94833
94838
94838
94858
94858
95001
95001
95020
95020
95026
95026
95073
95073
95110
95110
95127
95127
95132
95132
95145
95145
95153
95153
95175
95175
95239
95239
95257
95257
95304
95304
95323
95323
95366
95366
95389
95389
95423
95423
95545
95545
95669
95669
95684
95684
95694
95694
95696
95696
95700
95700
95725
95725
95787
95787
95803
95803
95825
95825
95954
95954
95970
95970
96014
96014
96067
96067
96076
96076
96093
96093
96193
96193
96211
96211
96212
96212
96218
96218
96235
96235
96251
96251
96355
96355
96382
96382
96389
96389
96424
96424
96429
96429
96457
96457
96519
96519
96554
96554
96605
96605
96742
96742
96794
96794
96797
96797
96853
96853
96863
96863
96911
96911
96916
96916
96951
96951
96990
96990
96996
96996
97016
97016
97066
97066
97075
97075
97105
97105
97122
97122
97183
97183
97247
97247
97252
97252
97254
97254
97277
97277
97399
97399
97401
97401
97532
97532
97546
97546
97549
97549
97574
97574
97640
97640
97693
97693
97700
97700
97715
97715
97729
97729
97737
97737
97740
97740
97751
97751
97764
97764
97801
97801
97855
97855
97888
97888
97888
97950
97950
97981
97981
98064
98064
98079
98079
98089
98089
98092
98092
98093
98093
98152
98152
98161
98161
98182
98182
98189
98189
98191
98191
98214
98214
98231
98231
98306
98306
98373
98373
98384
98384
98400
98400
98403
98403
98406
98406
98413
98413
98505
98505
98563
98563
98655
98655
98676
98676
98758
98758
98767
98767
98836
98836
98847
98847
98870
98870
98892
98892
98894
98894
98942
98942
98962
98962
98969
98969
98974
98974
98989
98989
99006
99006
99048
99048
99054
99054
99104
99104
99124
99124
99127
99127
99144
99144
99226
99226
99289
99289
99337
99337
99346
99346
99407
99407
99422
99422
99427
99427
99438
99438
99446
99446
99455
99455
99470
99470
99491
99491
99520
99520
99524
99524
99529
99529
99539
99539
99581
99581
99587
99587
99670
99670
99711
99711
99719
99719
99723
99723
99755
99755
99816
99816
99837
99837
99863
99863
99881
99881
99916
99916
99919
99919
99967
99967
