14
14
120
120
121
121
123
123
180
180
295
295
343
343
412
412
442
442
486
486
531
531
560
560
562
562
596
596
610
610
619
619
739
739
741
741
772
772
860
860
930
930
1070
1070
1131
1131
1220
1220
1266
1266
1274
1274
1277
1277
1279
1279
1287
1287
1404
1404
1417
1417
1433
1433
1450
1450
1456
1456
1492
1492
1499
1499
1511
1511
1521
1521
1577
1577
1586
1586
1587
1587
1593
1593
1637
1637
1678
1678
1688
1688
1738
1738
1802
1802
1843
1843
1887
1887
1930
1930
1996
1996
2015
2015
2031
2031
2097
2097
2206
2206
2208
2208
2220
2220
2222
2222
2244
2244
2257
2257
2266
2266
2308
2308
2346
2346
2348
2348
2371
2371
2382
2382
2389
2389
2441
2441
2447
2447
2458
2458
2464
2464
2492
2492
2508
2508
2541
2541
2542
2542
2560
2560
2616
2616
2648
2648
2683
2683
2688
2688
2705
2705
2754
2754
2756
2756
2771
2771
2792
2792
2860
2860
2865
2865
2867
2867
2909
2909
2923
2923
2964
2964
2993
2993
3000
3000
3027
3027
3045
3045
3054
3054
3082
3082
3117
3117
3179
3179
3213
3213
3245
3245
3257
3257
3280
3280
3321
3321
3462
3462
3480
3480
3486
3486
3600
3600
3615
3615
3679
3679
3704
3704
3709
3709
3718
3718
3730
3730
3821
3821
3898
3898
3914
3914
3925
3925
3934
3934
3935
3935
3971
3971
4046
4046
4177
4177
4209
4209
4228
4228
4240
4240
4241
4241
4312
4312
4315
4315
4328
4328
4348
4348
4386
4386
4403
4403
4447
4447
4474
4474
4570
4570
4654
4654
4728
4728
4743
4743
4766
4766
4769
4769
4792
4792
4850
4850
4859
4859
4866
4866
4890
4890
4927
4927
4935
4935
4973
4973
5071
5071
5134
5134
5141
5141
5164
5164
5174
5174
5192
5192
5275
5275
5320
5320
5464
5464
5472
5472
5497
5497
5569
5569
5681
5681
5770
5770
5823
5823
5897
5897
5982
5982
6022
6022
6093
6093
6107
6107
6184
6184
6186
6186
6213
6213
6215
6215
6241
6241
6274
6274
6279
6279
6290
6290
6328
6328
6385
6385
6489
6489
6529
6529
6633
6633
6667
6667
6747
6747
6756
6756
6785
6785
6883
6883
6892
6892
6919
6919
6929
6929
7011
7011
7025
7025
7080
7080
7119
7119
7123
7123
7184
7184
7197
7197
7265
7265
7272
7272
7278
7278
7304
7304
7313
7313
7325
7325
7332
7332
7334
7334
7345
7345
7365
7365
7386
7386
7387
7387
7403
7403
7425
7425
7435
7435
7507
7507
7531
7531
7535
7535
7586
7586
7614
7614
7641
7641
7661
7661
7687
7687
7727
7727
7729
7729
7781
7781
7783
7783
7787
7787
7798
7798
7814
7814
7822
7822
7864
7864
7903
7903
8015
8015
8044
8044
8053
8053
8092
8092
8103
8103
8135
8135
8149
8149
8156
8156
8276
8276
8277
8277
8281
8281
8329
8329
8343
8343
8349
8349
8378
8378
8387
8387
8399
8399
8562
8562
8564
8564
8577
8577
8583
8583
8636
8636
8677
8677
8691
8691
8729
8729
8746
8746
8790
8790
8839
8839
8850
8850
8876
8876
8910
8910
8955
8955
9017
9017
9066
9066
9074
9074
9090
9090
9105
9105
9145
9145
9171
9171
9181
9181
9215
9215
9224
9224
9268
9268
9279
9279
9281
9281
9350
9350
9431
9431
9560
9560
9566
9566
9578
9578
9586
9586
9591
9591
9617
9617
9720
9720
9743
9743
9762
9762
9844
9844
9845
9845
9848
9848
9855
9855
9902
9902
9960
9960
9962
9962
9987
9987
10111
10111
10166
10166
10293
10293
10317
10317
10324
10324
10356
10356
10405
10405
10420
10420
10438
10438
10442
10442
10451
10451
10510
10510
10519
10519
10547
10547
10556
10556
10570
10570
10609
10609
10643
10643
10672
10672
10770
10770
10785
10785
10941
10941
10950
10950
10955
10955
11001
11001
11012
11012
11101
11101
11117
11117
11132
11132
11201
11201
11202
11202
11242
11242
11250
11250
11344
11344
11373
11373
11387
11387
11495
11495
11501
11501
11507
11507
11508
11508
11585
11585
11643
11643
11652
11652
11675
11675
11703
11703
11730
11730
11737
11737
11823
11823
11846
11846
11888
11888
11901
11901
11916
11916
11933
11933
11957
11957
11966
11966
11989
11989
12037
12037
12059
12059
12070
12070
12074
12074
12082
12082
12111
12111
12128
12128
12144
12144
12195
12195
12220
12220
12246
12246
12281
12281
12289
12289
12302
12302
12316
12316
12339
12339
12342
12342
12432
12432
12447
12447
12460
12460
12464
12464
12546
12546
12558
12558
12563
12563
12638
12638
12648
12648
12701
12701
12719
12719
12748
12748
12750
12750
12753
12753
12943
12943
13002
13002
13041
13041
13135
13135
13136
13136
13279
13279
13291
13291
13310
13310
13317
13317
13389
13389
13498
13498
13532
13532
13556
13556
13571
13571
13589
13589
13630
13630
13635
13635
13649
13649
13655
13655
13675
13675
13684
13684
13716
13716
13729
13729
13789
13789
13831
13831
13876
13876
13902
13902
13935
13935
13937
13937
13967
13967
14015
14015
14016
14016
14022
14022
14092
14092
14177
14177
14182
14182
14190
14190
14195
14195
14224
14224
14248
14248
14275
14275
14289
14289
14308
14308
14361
14361
14509
14509
14513
14513
14520
14520
14588
14588
14611
14611
14644
14644
14658
14658
14685
14685
14698
14698
14735
14735
15029
15029
15063
15063
15120
15120
15174
15174
15222
15222
15310
15310
15398
15398
15424
15424
15459
15459
15475
15475
15491
15491
15511
15511
15535
15535
15658
15658
15674
15674
15705
15705
15843
15843
15848
15848
15898
15898
15931
15931
15932
15932
15937
15937
15948
15948
15974
15974
16042
16042
16043
16043
16078
16078
16088
16088
16112
16112
16171
16171
16282
16282
16302
16302
16372
16372
16403
16403
16417
16417
16421
16421
16431
16431
16467
16467
16547
16547
16563
16563
16630
16630
16631
16631
16681
16681
16735
16735
16807
16807
16933
16933
17024
17024
17030
17030
17035
17035
17062
17062
17081
17081
17088
17088
17107
17107
17175
17175
17182
17182
17191
17191
17197
17197
17233
17233
17406
17406
17445
17445
17461
17461
17525
17525
17579
17579
17602
17602
17604
17604
17608
17608
17621
17621
17643
17643
17645
17645
17675
17675
17704
17704
17705
17705
17757
17757
17776
17776
17818
17818
17849
17849
17864
17864
17926
17926
17937
17937
17990
17990
17992
17992
18006
18006
18051
18051
18098
18098
18113
18113
18122
18122
18124
18124
18216
18216
18236
18236
18249
18249
18271
18271
18339
18339
18353
18353
18463
18463
18471
18471
18504
18504
18571
18571
18572
18572
18637
18637
18676
18676
18680
18680
18725
18725
18729
18729
18800
18800
18817
18817
18838
18838
18863
18863
18870
18870
18888
18888
18916
18916
18933
18933
18944
18944
18980
18980
19011
19011
19027
19027
19063
19063
19079
19079
19084
19084
19106
19106
19119
19119
19197
19197
19227
19227
19277
19277
19321
19321
19326
19326
19394
19394
19450
19450
19491
19491
19524
19524
19567
19567
19575
19575
19600
19600
19627
19627
19639
19639
19851
19851
19857
19857
19858
19858
19861
19861
19862
19862
19957
19957
19967
19967
19987
19987
20011
20011
20030
20030
20058
20058
20085
20085
20118
20118
20176
20176
20194
20194
20210
20210
20245
20245
20285
20285
20291
20291
20296
20296
20367
20367
20373
20373
20394
20394
20396
20396
20408
20408
20415
20415
20458
20458
20478
20478
20509
20509
20519
20519
20531
20531
20535
20535
20615
20615
20623
20623
20627
20627
20698
20698
20743
20743
20793
20793
20798
20798
20838
20838
20865
20865
20873
20873
20924
20924
20961
20961
20970
20970
21068
21068
21071
21071
21104
21104
21125
21125
21130
21130
21186
21186
21197
21197
21215
21215
21241
21241
21282
21282
21292
21292
21305
21305
21357
21357
21393
21393
21406
21406
21414
21414
21445
21445
21468
21468
21495
21495
21552
21552
21631
21631
21633
21633
21710
21710
21735
21735
21738
21738
21760
21760
21839
21839
21904
21904
21927
21927
21954
21954
22108
22108
22135
22135
22150
22150
22207
22207
22242
22242
22313
22313
22346
22346
22363
22363
22402
22402
22429
22429
22447
22447
22461
22461
22475
22475
22480
22480
22531
22531
22538
22538
22551
22551
22566
22566
22587
22587
22625
22625
22645
22645
22658
22658
22770
22770
22830
22830
22843
22843
22855
22855
22888
22888
22891
22891
22910
22910
22921
22921
22967
22967
22989
22989
23002
23002
23028
23028
23205
23205
23234
23234
23280
23280
23314
23314
23343
23343
23348
23348
23355
23355
23501
23501
23507
23507
23544
23544
23617
23617
23692
23692
23696
23696
23712
23712
23749
23749
23756
23756
23761
23761
23784
23784
23813
23813
23859
23859
23898
23898
23939
23939
23940
23940
23959
23959
23964
23964
23998
23998
24035
24035
24075
24075
24086
24086
24102
24102
24123
24123
24144
24144
24242
24242
24305
24305
24307
24307
24326
24326
24365
24365
24407
24407
24418
24418
24422
24422
24427
24427
24449
24449
24522
24522
24523
24523
24610
24610
24790
24790
24830
24830
24839
24839
24847
24847
24858
24858
24881
24881
24898
24898
24910
24910
24921
24921
24933
24933
25033
25033
25075
25075
25076
25076
25107
25107
25121
25121
25183
25183
25256
25256
25261
25261
25270
25270
25351
25351
25379
25379
25409
25409
25424
25424
25428
25428
25497
25497
25503
25503
25567
25567
25598
25598
25720
25720
25744
25744
25751
25751
25838
25838
25861
25861
25863
25863
25881
25881
25951
25951
26016
26016
26040
26040
26106
26106
26119
26119
26238
26238
26242
26242
26243
26243
26270
26270
26291
26291
26299
26299
26464
26464
26533
26533
26548
26548
26574
26574
26622
26622
26713
26713
26788
26788
26819
26819
26829
26829
26871
26871
26886
26886
26940
26940
26948
26948
27016
27016
27138
27138
27162
27162
27163
27163
27177
27177
27236
27236
27305
27305
27317
27317
27336
27336
27339
27339
27355
27355
27390
27390
27407
27407
27409
27409
27417
27417
27475
27475
27546
27546
27607
27607
27673
27673
27684
27684
27700
27700
27702
27702
27727
27727
27755
27755
27766
27766
27797
27797
27882
27882
27898
27898
27913
27913
27931
27931
27937
27937
27974
27974
27981
27981
28093
28093
28123
28123
28158
28158
28183
28183
28215
28215
28221
28221
28228
28228
28239
28239
28246
28246
28326
28326
28399
28399
28411
28411
28419
28419
28426
28426
28467
28467
28526
28526
28531
28531
28607
28607
28613
28613
28627
28627
28699
28699
28711
28711
28776
28776
28798
28798
28813
28813
28829
28829
28833
28833
28834
28834
28981
28981
29010
29010
29045
29045
29060
29060
29093
29093
29220
29220
29242
29242
29261
29261
29301
29301
29314
29314
29334
29334
29383
29383
29393
29393
29398
29398
29580
29580
29600
29600
29608
29608
29633
29633
29740
29740
29758
29758
29777
29777
29784
29784
29819
29819
29823
29823
29866
29866
29896
29896
29928
29928
29979
29979
29985
29985
30052
30052
30124
30124
30206
30206
30227
30227
30229
30229
30233
30233
30239
30239
30256
30256
30266
30266
30294
30294
30340
30340
30382
30382
30417
30417
30531
30531
30536
30536
30563
30563
30615
30615
30650
30650
30736
30736
30800
30800
30827
30827
30849
30849
30860
30860
30893
30893
30950
30950
30962
30962
31106
31106
31112
31112
31202
31202
31227
31227
31236
31236
31238
31238
31249
31249
31263
31263
31302
31302
31345
31345
31350
31350
31383
31383
31420
31420
31493
31493
31500
31500
31525
31525
31534
31534
31552
31552
31618
31618
31628
31628
31644
31644
31647
31647
31689
31689
31709
31709
31759
31759
31789
31789
31800
31800
31920
31920
31950
31950
31989
31989
32024
32024
32051
32051
32093
32093
32138
32138
32198
32198
32249
32249
32268
32268
32269
32269
32414
32414
32431
32431
32463
32463
32514
32514
32596
32596
32669
32669
32780
32780
32809
32809
32813
32813
32858
32858
32879
32879
32901
32901
32947
32947
32963
32963
32967
32967
32980
32980
32997
32997
33007
33007
33045
33045
33060
33060
33111
33111
33117
33117
33152
33152
33226
33226
33239
33239
33243
33243
33321
33321
33322
33322
33340
33340
33354
33354
33404
33404
33410
33410
33441
33441
33461
33461
33486
33486
33501
33501
33503
33503
33513
33513
33530
33530
33642
33642
33678
33678
33687
33687
33706
33706
33715
33715
33744
33744
33747
33747
33763
33763
33772
33772
33787
33787
33816
33816
33836
33836
33865
33865
33926
33926
33954
33954
33959
33959
33978
33978
33986
33986
33999
33999
34005
34005
34028
34028
34036
34036
34042
34042
34093
34093
34097
34097
34139
34139
34140
34140
34145
34145
34149
34149
34171
34171
34247
34247
34251
34251
34263
34263
34305
34305
34343
34343
34352
34352
34391
34391
34399
34399
34442
34442
34445
34445
34451
34451
34452
34452
34466
34466
34519
34519
34556
34556
34636
34636
34638
34638
34641
34641
34683
34683
34724
34724
34800
34800
34807
34807
34935
34935
34964
34964
35004
35004
35017
35017
35035
35035
35045
35045
35065
35065
35115
35115
35143
35143
35147
35147
35255
35255
35286
35286
35287
35287
35347
35347
35361
35361
35380
35380
35396
35396
35448
35448
35453
35453
35479
35479
35523
35523
35577
35577
35592
35592
35599
35599
35627
35627
35650
35650
35652
35652
35680
35680
35682
35682
35735
35735
35763
35763
35804
35804
35830
35830
35832
35832
35851
35851
35875
35875
35878
35878
35899
35899
35949
35949
35958
35958
35970
35970
35974
35974
36007
36007
36012
36012
36031
36031
36036
36036
36047
36047
36055
36055
36078
36078
36094
36094
36113
36113
36145
36145
36151
36151
36178
36178
36183
36183
36209
36209
36219
36219
36238
36238
36250
36250
36278
36278
36305
36305
36317
36317
36319
36319
36441
36441
36446
36446
36487
36487
36522
36522
36588
36588
36619
36619
36891
36891
36992
36992
36995
36995
37013
37013
37020
37020
37022
37022
37036
37036
37050
37050
37053
37053
37134
37134
37148
37148
37158
37158
37226
37226
37264
37264
37287
37287
37348
37348
37385
37385
37397
37397
37414
37414
37431
37431
37454
37454
37496
37496
37542
37542
37548
37548
37579
37579
37588
37588
37614
37614
37645
37645
37700
37700
37812
37812
37892
37892
37900
37900
37940
37940
37961
37961
37968
37968
37974
37974
38022
38022
38046
38046
38104
38104
38159
38159
38248
38248
38257
38257
38310
38310
38344
38344
38378
38378
38381
38381
38410
38410
38487
38487
38521
38521
38552
38552
38565
38565
38570
38570
38607
38607
38616
38616
38632
38632
38708
38708
38721
38721
38725
38725
38733
38733
38956
38956
38959
38959
39051
39051
39152
39152
39161
39161
39183
39183
39202
39202
39262
39262
39272
39272
39296
39296
39327
39327
39388
39388
39390
39390
39403
39403
39422
39422
39453
39453
39463
39463
39577
39577
39600
39600
39768
39768
39778
39778
39812
39812
39833
39833
39843
39843
39847
39847
39857
39857
39900
39900
40028
40028
40030
40030
40132
40132
40142
40142
40166
40166
40176
40176
40180
40180
40198
40198
40199
40199
40234
40234
40255
40255
40325
40325
40366
40366
40381
40381
40444
40444
40456
40456
40468
40468
40477
40477
40500
40500
40590
40590
40610
40610
40617
40617
40715
40715
40749
40749
40756
40756
40770
40770
40775
40775
40798
40798
40812
40812
40859
40859
40909
40909
40960
40960
41101
41101
41107
41107
41142
41142
41172
41172
41200
41200
41208
41208
41254
41254
41302
41302
41320
41320
41383
41383
41432
41432
41433
41433
41450
41450
41473
41473
41495
41495
41615
41615
41650
41650
41694
41694
41829
41829
41837
41837
41864
41864
41897
41897
41907
41907
41915
41915
41922
41922
42012
42012
42013
42013
42018
42018
42020
42020
42060
42060
42133
42133
42216
42216
42244
42244
42283
42283
42325
42325
42340
42340
42364
42364
42394
42394
42404
42404
42438
42438
42688
42688
42733
42733
42760
42760
42777
42777
42784
42784
42805
42805
42881
42881
42882
42882
42921
42921
42946
42946
42949
42949
42958
42958
43042
43042
43128
43128
43179
43179
43184
43184
43206
43206
43231
43231
43264
43264
43313
43313
43362
43362
43414
43414
43428
43428
43551
43551
43555
43555
43588
43588
43626
43626
43678
43678
43679
43679
43680
43680
43695
43695
43726
43726
43748
43748
43766
43766
43806
43806
43835
43835
43911
43911
43935
43935
43954
43954
43964
43964
43966
43966
43977
43977
43987
43987
44079
44079
44198
44198
44251
44251
44259
44259
44270
44270
44327
44327
44340
44340
44341
44341
44396
44396
44420
44420
44461
44461
44469
44469
44474
44474
44489
44489
44510
44510
44525
44525
44534
44534
44540
44540
44556
44556
44567
44567
44572
44572
44606
44606
44618
44618
44642
44642
44660
44660
44696
44696
44750
44750
44812
44812
44814
44814
44850
44850
44872
44872
44916
44916
44948
44948
44961
44961
44964
44964
44968
44968
44996
44996
45051
45051
45131
45131
45163
45163
45219
45219
45234
45234
45239
45239
45266
45266
45273
45273
45295
45295
45307
45307
45422
45422
45508
45508
45512
45512
45513
45513
45516
45516
45567
45567
45647
45647
45682
45682
45701
45701
45709
45709
45721
45721
45749
45749
45759
45759
45955
45955
45992
45992
46013
46013
46037
46037
46112
46112
46116
46116
46143
46143
46172
46172
46249
46249
46301
46301
46312
46312
46332
46332
46392
46392
46418
46418
46442
46442
46453
46453
46484
46484
46486
46486
46535
46535
46548
46548
46566
46566
46571
46571
46600
46600
46616
46616
46637
46637
46644
46644
46735
46735
46760
46760
46775
46775
46813
46813
46815
46815
46833
46833
46880
46880
46924
46924
46929
46929
46951
46951
46991
46991
47045
47045
47049
47049
47066
47066
47156
47156
47176
47176
47198
47198
47225
47225
47233
47233
47285
47285
47287
47287
47360
47360
47363
47363
47381
47381
47440
47440
47549
47549
47679
47679
47688
47688
47793
47793
47852
47852
47882
47882
47890
47890
47925
47925
47938
47938
47945
47945
48033
48033
48084
48084
48099
48099
48154
48154
48161
48161
48173
48173
48188
48188
48193
48193
48204
48204
48299
48299
48300
48300
48323
48323
48443
48443
48452
48452
48514
48514
48520
48520
48592
48592
48620
48620
48661
48661
48663
48663
48670
48670
48679
48679
48685
48685
48704
48704
48718
48718
48860
48860
48908
48908
48928
48928
48967
48967
48981
48981
48993
48993
49013
49013
49021
49021
49026
49026
49059
49059
49061
49061
49066
49066
49077
49077
49110
49110
49127
49127
49146
49146
49148
49148
49186
49186
49193
49193
49213
49213
49215
49215
49319
49319
49320
49320
49323
49323
49370
49370
49391
49391
49412
49412
49425
49425
49444
49444
49517
49517
49527
49527
49530
49530
49603
49603
49633
49633
49649
49649
49650
49650
49661
49661
49663
49663
49725
49725
49733
49733
49792
49792
49831
49831
49967
49967
50074
50074
50078
50078
50135
50135
50136
50136
50152
50152
50166
50166
50208
50208
50286
50286
50315
50315
50330
50330
50360
50360
50420
50420
50443
50443
50473
50473
50486
50486
50488
50488
50500
50500
50513
50513
50520
50520
50586
50586
50626
50626
50646
50646
50786
50786
50828
50828
50882
50882
50893
50893
50918
50918
50925
50925
50946
50946
50968
50968
50976
50976
50978
50978
51002
51002
51029
51029
51030
51030
51035
51035
51086
51086
51088
51088
51101
51101
51144
51144
51150
51150
51212
51212
51230
51230
51276
51276
51279
51279
51307
51307
51336
51336
51342
51342
51382
51382
51454
51454
51511
51511
51546
51546
51552
51552
51555
51555
51562
51562
51571
51571
51576
51576
51601
51601
51629
51629
51634
51634
51685
51685
51686
51686
51698
51698
51737
51737
51763
51763
51782
51782
51810
51810
51824
51824
51916
51916
51993
51993
51994
51994
51997
51997
52066
52066
52080
52080
52125
52125
52167
52167
52184
52184
52380
52380
52390
52390
52420
52420
52481
52481
52498
52498
52538
52538
52571
52571
52654
52654
52693
52693
52706
52706
52755
52755
52762
52762
52853
52853
52885
52885
52894
52894
52903
52903
52915
52915
52966
52966
52977
52977
52988
52988
52990
52990
53003
53003
53073
53073
53086
53086
53111
53111
53116
53116
53131
53131
53161
53161
53171
53171
53229
53229
53274
53274
53289
53289
53302
53302
53372
53372
53382
53382
53396
53396
53419
53419
53456
53456
53480
53480
53595
53595
53647
53647
53674
53674
53714
53714
53784
53784
53804
53804
53805
53805
53808
53808
53831
53831
53971
53971
54017
54017
54048
54048
54058
54058
54060
54060
54067
54067
54121
54121
54126
54126
54191
54191
54199
54199
54234
54234
54236
54236
54241
54241
54268
54268
54273
54273
54298
54298
54321
54321
54373
54373
54400
54400
54425
54425
54433
54433
54515
54515
54516
54516
54529
54529
54568
54568
54646
54646
54667
54667
54678
54678
54706
54706
54732
54732
54770
54770
54781
54781
54791
54791
54872
54872
54874
54874
54922
54922
54926
54926
54943
54943
54949
54949
54951
54951
55007
55007
55040
55040
55178
55178
55190
55190
55200
55200
55208
55208
55394
55394
55426
55426
55483
55483
55565
55565
55576
55576
55623
55623
55637
55637
55671
55671
55732
55732
55764
55764
55787
55787
55804
55804
55809
55809
55816
55816
55861
55861
55909
55909
55913
55913
55944
55944
56045
56045
56071
56071
56094
56094
56127
56127
56128
56128
56133
56133
56197
56197
56238
56238
56333
56333
56358
56358
56400
56400
56430
56430
56461
56461
56469
56469
56495
56495
56634
56634
56643
56643
56663
56663
56689
56689
56782
56782
56833
56833
56851
56851
56932
56932
56962
56962
56966
56966
57008
57008
57032
57032
57048
57048
57062
57062
57068
57068
57087
57087
57115
57115
57176
57176
57226
57226
57246
57246
57300
57300
57358
57358
57380
57380
57457
57457
57480
57480
57519
57519
57592
57592
57737
57737
57749
57749
57751
57751
57792
57792
57919
57919
57971
57971
58030
58030
58060
58060
58115
58115
58124
58124
58127
58127
58189
58189
58195
58195
58216
58216
58244
58244
58254
58254
58297
58297
58403
58403
58421
58421
58433
58433
58490
58490
58510
58510
58513
58513
58592
58592
58639
58639
58661
58661
58667
58667
58704
58704
58759
58759
58761
58761
58769
58769
58780
58780
58784
58784
58790
58790
58838
58838
58841
58841
58912
58912
58935
58935
58945
58945
58976
58976
59063
59063
59075
59075
59106
59106
59164
59164
59254
59254
59290
59290
59295
59295
59325
59325
59355
59355
59392
59392
59397
59397
59465
59465
59506
59506
59528
59528
59565
59565
59610
59610
59650
59650
59667
59667
59703
59703
59857
59857
59974
59974
59980
59980
60010
60010
60020
60020
60079
60079
60131
60131
60146
60146
60148
60148
60176
60176
60197
60197
60238
60238
60241
60241
60266
60266
60337
60337
60593
60593
60607
60607
60608
60608
60690
60690
60715
60733
60733
60760
60760
60837
60837
60844
60844
60850
60850
60895
60895
61015
61015
61098
61098
61129
61129
61158
61158
61257
61257
61308
61308
61311
61311
61316
61316
61332
61332
61370
61370
61379
61379
61480
61480
61485
61485
61514
61514
61537
61537
61541
61541
61559
61559
61577
61577
61608
61608
61644
61644
61668
61668
61669
61669
61777
61777
61841
61841
61889
61889
61994
61994
62031
62031
62043
62043
62075
62075
62078
62078
62161
62161
62207
62207
62241
62241
62289
62289
62391
62391
62486
62486
62507
62507
62523
62523
62583
62583
62703
62703
62725
62725
62733
62733
62838
62838
62864
62864
62916
62916
63047
63047
63190
63190
63191
63191
63195
63195
63204
63204
63276
63276
63343
63343
63366
63366
63401
63401
63427
63427
63475
63475
63513
63513
63546
63546
63548
63548
63618
63618
63634
63634
63677
63677
63693
63693
63697
63697
63808
63808
63884
63884
63961
63961
63975
63975
63976
63976
63994
63994
64021
64021
64029
64029
64065
64065
64117
64117
64119
64119
64197
64197
64219
64219
64222
64222
64294
64294
64346
64346
64358
64358
64377
64377
64412
64412
64489
64489
64505
64505
64525
64525
64552
64552
64563
64563
64571
64571
64575
64575
64583
64583
64584
64584
64596
64596
64635
64635
64637
64637
64707
64707
64712
64712
64715
64715
64729
64729
64818
64818
64845
64845
64896
64896
64927
64927
64944
64944
64988
64988
65007
65007
65014
65014
65018
65018
65038
65038
65067
65067
65082
65082
65084
65084
65088
65088
65123
65123
65125
65125
65138
65138
65293
65293
65306
65306
65350
65350
65357
65357
65371
65371
65385
65385
65397
65397
65433
65433
65441
65441
65478
65478
65511
65511
65587
65587
65626
65626
65654
65654
65665
65665
65717
65717
65780
65780
65798
65798
65826
65826
65836
65836
65842
65842
65863
65863
65871
65871
65917
65917
65936
65936
65951
65951
65980
65980
65997
65997
66002
66002
66032
66032
66100
66100
66144
66144
66305
66305
66334
66334
66340
66340
66360
66360
66390
66390
66473
66473
66569
66569
66601
66601
66605
66605
66608
66608
66735
66735
66771
66771
66774
66774
66777
66777
66784
66784
66916
66916
66963
66963
66980
66980
66983
66983
66993
66993
67001
67001
67005
67005
67051
67051
67140
67140
67142
67142
67158
67158
67254
67254
67267
67267
67300
67300
67370
67370
67381
67381
67389
67389
67390
67390
67457
67457
67485
67485
67504
67504
67542
67542
67631
67631
67706
67706
67752
67752
67814
67814
67826
67826
67846
67846
67891
67891
68035
68035
68076
68076
68080
68080
68098
68098
68118
68118
68193
68193
68271
68271
68333
68333
68441
68441
68448
68448
68449
68449
68464
68464
68466
68466
68485
68485
68521
68521
68534
68534
68549
68549
68566
68566
68635
68635
68706
68706
68736
68736
68775
68775
68880
68880
68887
68887
68899
68899
68925
68925
68970
68970
68979
68979
69018
69018
69024
69024
69056
69056
69064
69064
69099
69099
69109
69109
69128
69128
69163
69163
69165
69165
69180
69180
69186
69186
69234
69234
69248
69248
69282
69282
69333
69333
69390
69390
69392
69392
69398
69398
69403
69403
69455
69455
69501
69501
69515
69515
69534
69534
69662
69662
69669
69669
69671
69671
69696
69696
69714
69714
69767
69767
69822
69822
69828
69828
69848
69848
69859
69859
69887
69887
69917
69917
69926
69926
70024
70024
70033
70033
70040
70040
70064
70064
70074
70074
70100
70100
70113
70113
70137
70137
70142
70142
70144
70144
70155
70155
70167
70167
70194
70194
70195
70195
70216
70216
70266
70266
70273
70273
70288
70288
70304
70304
70357
70357
70361
70361
70408
70408
70431
70431
70457
70457
70520
70520
70527
70527
70538
70538
70545
70545
70629
70629
70642
70642
70679
70679
70701
70701
70810
70810
70814
70814
70841
70841
70843
70843
70845
70845
70928
70928
70933
70933
70974
70974
71058
71058
71087
71087
71099
71099
71136
71136
71145
71145
71193
71193
71214
71214
71448
71448
71502
71502
71522
71522
71606
71606
71621
71621
71624
71624
71639
71639
71692
71692
71777
71777
71784
71784
71851
71851
71876
71876
71883
71883
71889
71889
71924
71924
71970
71970
71999
71999
72027
72027
72061
72061
72087
72087
72089
72089
72109
72109
72134
72134
72151
72151
72185
72185
72190
72190
72199
72199
72297
72297
72348
72348
72359
72359
72411
72411
72412
72412
72518
72518
72524
72524
72570
72570
72630
72630
72645
72645
72652
72652
72659
72659
72665
72665
72674
72674
72692
72692
72703
72703
72766
72766
72857
72857
72878
72878
72913
72913
72923
72923
72941
72941
72943
72943
73065
73065
73066
73066
73097
73097
73144
73144
73234
73234
73267
73267
73271
73271
73280
73280
73300
73300
73305
73305
73335
73335
73346
73346
73348
73348
73398
73398
73417
73417
73422
73422
73423
73423
73518
73518
73520
73520
73538
73538
73560
73560
73576
73576
73653
73653
73677
73677
73716
73716
73722
73722
73735
73735
73740
73740
73802
73802
73858
73858
73932
73932
73962
73962
73979
73979
74029
74029
74050
74050
74067
74067
74087
74087
74091
74091
74102
74102
74111
74111
74147
74147
74152
74152
74158
74158
74194
74194
74228
74228
74232
74232
74272
74272
74280
74280
74318
74318
74385
74385
74445
74445
74478
74478
74528
74528
74557
74557
74617
74617
74627
74627
74634
74634
74656
74656
74659
74659
74679
74679
74680
74680
74704
74704
74724
74724
74742
74742
74745
74745
74746
74746
74747
74747
74764
74764
74786
74786
74806
74806
74817
74817
74900
74900
74902
74902
74916
74916
74955
74955
74991
74991
75000
75000
75038
75038
75085
75085
75168
75168
75188
75188
75307
75307
75316
75316
75340
75340
75391
75391
75419
75419
75443
75443
75474
75474
75481
75481
75484
75484
75593
75593
75607
75607
75700
75700
75735
75735
75749
75749
75800
75800
75806
75806
75856
75856
75857
75857
75890
75890
75907
75907
75908
75908
75935
75935
75951
75951
75967
75967
75974
75974
76015
76015
76035
76035
76054
76054
76060
76060
76271
76271
76292
76292
76306
76306
76316
76316
76342
76342
76361
76361
76379
76379
76416
76416
76479
76479
76481
76481
76496
76496
76520
76520
76709
76709
76739
76739
76742
76742
76795
76795
76808
76808
76809
76809
76865
76865
76872
76872
76883
76883
76925
76925
76927
76927
76979
76979
77065
77065
77115
77115
77116
77116
77162
77162
77175
77175
77411
77411
77419
77419
77516
77516
77517
77517
77521
77521
77562
77562
77567
77567
77587
77587
77599
77599
77600
77600
77641
77641
77661
77661
77753
77753
77766
77766
77776
77776
77794
77794
77907
77907
77935
77935
77939
77939
77943
77943
77996
77996
78001
78001
78148
78148
78220
78220
78259
78259
78281
78281
78306
78306
78378
78378
78379
78379
78412
78412
78420
78420
78438
78438
78503
78503
78507
78507
78508
78508
78572
78572
78600
78600
78651
78651
78679
78679
78688
78688
78747
78747
78754
78754
78803
78803
78816
78816
78818
78818
78831
78831
78832
78832
78851
78851
78872
78872
78908
78908
78916
78916
78945
78945
78989
78989
79024
79024
79069
79069
79084
79084
79104
79104
79116
79116
79230
79230
79349
79349
79383
79383
79394
79394
79395
79395
79403
79403
79449
79449
79535
79535
79612
79612
79626
79626
79630
79630
79667
79667
79724
79724
79742
79742
79752
79752
79810
79810
79815
79815
79826
79826
79836
79836
79852
79852
79917
79917
79920
79920
79933
79933
79966
79966
80005
80005
80043
80043
80079
80079
80148
80148
80172
80172
80213
80213
80279
80279
80284
80284
80298
80298
80397
80397
80432
80432
80467
80467
80470
80470
80517
80517
80530
80530
80541
80541
80565
80565
80573
80573
80595
80595
80648
80648
80695
80695
80748
80748
80776
80776
80803
80803
80851
80851
80883
80883
80930
80930
80994
80994
81022
81022
81086
81086
81117
81117
81121
81121
81130
81130
81191
81191
81197
81197
81258
81258
81290
81290
81314
81314
81325
81325
81359
81359
81366
81366
81402
81402
81403
81403
81426
81426
81439
81439
81460
81460
81463
81463
81475
81475
81508
81508
81511
81511
81528
81528
81534
81534
81582
81582
81604
81604
81648
81648
81699
81699
81700
81700
81726
81726
81735
81735
81876
81876
81902
81902
81989
81989
82012
82012
82014
82014
82106
82106
82139
82139
82141
82141
82172
82172
82177
82177
82182
82182
82185
82185
82186
82186
82194
82194
82247
82247
82336
82336
82387
82387
82392
82392
82411
82411
82444
82444
82478
82478
82511
82511
82603
82603
82646
82646
82722
82722
82836
82836
82912
82912
82927
82927
82983
82983
82990
82990
83041
83041
83131
83131
83153
83153
83191
83191
83235
83235
83371
83371
83414
83414
83466
83466
83482
83482
83483
83483
83510
83510
83622
83622
83623
83623
83636
83636
83670
83670
83672
83672
83686
83686
83816
83816
83825
83825
83828
83828
83901
83901
83999
83999
84009
84009
84042
84042
84095
84095
84129
84129
84135
84135
84148
84148
84188
84188
84195
84195
84245
84245
84253
84253
84263
84263
84357
84357
84360
84360
84377
84377
84387
84387
84412
84412
84442
84442
84531
84531
84568
84568
84597
84597
84600
84600
84607
84607
84616
84616
84630
84630
84637
84637
84650
84650
84651
84651
84700
84700
84817
84817
84836
84836
84871
84871
84874
84874
84879
84879
84896
84896
84909
84909
84937
84937
84942
84942
84977
84977
85032
85032
85059
85059
85071
85071
85108
85108
85114
85114
85124
85124
85132
85132
85160
85160
85163
85163
85248
85248
85255
85255
85356
85356
85377
85377
85438
85438
85489
85489
85535
85535
85549
85549
85568
85568
85669
85669
85671
85671
85725
85725
85736
85736
85760
85760
85764
85764
85765
85765
85767
85767
85774
85774
85782
85782
85808
85808
85825
85825
85828
85828
85883
85883
85904
85904
85908
85908
85947
85947
85951
85951
85953
85953
85957
85957
85979
85979
86039
86039
86042
86042
86051
86051
86054
86054
86103
86103
86143
86143
86148
86148
86222
86222
86231
86231
86267
86267
86287
86287
86306
86306
86318
86318
86337
86337
86343
86343
86369
86369
86395
86395
86423
86423
86457
86457
86472
86472
86488
86488
86518
86518
86546
86546
86598
86598
86617
86617
86639
86639
86697
86697
86712
86712
86742
86742
86758
86758
86759
86759
86762
86762
86809
86809
86869
86869
86914
86914
86922
86922
86935
86935
87007
87007
87048
87048
87058
87058
87088
87088
87111
87111
87120
87120
87173
87173
87347
87347
87357
87357
87363
87363
87373
87373
87429
87429
87446
87446
87448
87448
87452
87452
87462
87462
87471
87471
87550
87550
87626
87626
87668
87668
87724
87724
87734
87734
87765
87765
87780
87780
87781
87781
87800
87800
87833
87833
87860
87860
87966
87966
87978
87978
87987
87987
87996
87996
88001
88001
88003
88003
88079
88079
88100
88100
88134
88134
88172
88172
88178
88178
88201
88201
88217
88217
88229
88229
88267
88267
88272
88272
88327
88327
88371
88371
88391
88391
88402
88402
88403
88403
88523
88523
88594
88594
88622
88622
88636
88636
88671
88671
88714
88714
88743
88743
88751
88751
88775
88775
88780
88780
88787
88787
88821
88821
88876
88876
88910
88910
89018
89018
89043
89043
89058
89058
89145
89145
89150
89150
89170
89170
89215
89215
89244
89244
89247
89247
89271
89271
89300
89300
89304
89304
89311
89311
89385
89385
89399
89399
89424
89424
89448
89448
89464
89464
89482
89482
89522
89522
89588
89588
89618
89618
89696
89696
89709
89709
89727
89727
89737
89737
89745
89745
89826
89826
89834
89834
89864
89864
89880
89880
89907
89907
89932
89932
89943
89943
89985
89985
90001
90001
90048
90048
90052
90052
90093
90093
90095
90095
90115
90115
90118
90118
90138
90138
90152
90152
90194
90194
90203
90203
90241
90241
90293
90293
90469
90469
90473
90473
90482
90482
90512
90512
90541
90541
90542
90542
90612
90612
90656
90656
90721
90721
90833
90833
90851
90851
90891
90891
90921
90921
90944
90944
90950
90950
90981
90981
90995
90995
91007
91007
91066
91066
91071
91071
91079
91079
91109
91109
91155
91155
91161
91161
91195
91195
91293
91293
91301
91301
91316
91316
91378
91378
91447
91447
91450
91450
91498
91498
91534
91534
91538
91538
91558
91558
91596
91596
91617
91617
91629
91629
91633
91633
91640
91640
91712
91712
91742
91742
91751
91751
91752
91752
91758
91758
91789
91789
91799
91799
91853
91853
91885
91885
92002
92002
92012
92012
92016
92016
92061
92061
92070
92070
92123
92123
92152
92152
92155
92155
92220
92220
92308
92308
92317
92317
92324
92324
92365
92365
92415
92415
92433
92433
92485
92485
92486
92486
92489
92489
92499
92499
92573
92573
92627
92627
92666
92666
92704
92704
92722
92722
92818
92818
92819
92819
92836
92836
92845
92845
92918
92918
92936
92936
92991
92991
93037
93037
93070
93070
93110
93110
93128
93128
93162
93162
93163
93163
93224
93224
93251
93251
93275
93275
93279
93279
93316
93316
93344
93344
93358
93358
93440
93440
93579
93579
93699
93699
93748
93748
93769
93769
93770
93770
93775
93775
93818
93818
93850
93850
94005
94005
94013
94013
94030
94030
94047
94047
94059
94113
94113
94127
94127
94174
94174
94187
94187
94229
94229
94261
94261
94272
94272
94305
94305
94313
94313
94340
94340
94450
94450
94524
94524
94534
94534
94666
94666
94725
94725
94744
94744
94815
94815
94846
94846
94855
94855
94900
94900
94905
94905
94914
94914
94935
94935
94955
94955
94962
94962
95003
95003
95067
95067
95071
95071
95115
95115
95129
95129
95137
95137
95171
95171
95212
95212
95213
95213
95218
95218
95273
95273
95355
95355
95366
95366
95450
95450
95460
95460
95476
95476
95478
95478
95503
95503
95513
95513
95568
95568
95590
95590
95607
95607
95640
95640
95651
95651
95664
95664
95697
95697
95717
95717
95729
95729
95740
95740
95758
95758
95796
95796
95844
95844
95865
95865
95886
95886
95905
95905
95908
95908
95991
95991
96075
96075
96099
96099
96176
96176
96194
96194
96199
96199
96212
96212
96276
96276
96285
96285
96295
96295
96332
96332
96350
96350
96382
96382
96386
96386
96397
96397
96409
96409
96421
96421
96426
96426
96443
96443
96505
96505
96509
96509
96513
96513
96534
96534
96590
96590
96665
96665
96706
96706
96797
96797
96819
96819
96871
96871
96875
96875
96942
96942
96944
96944
96997
96997
97003
97003
97073
97073
97087
97087
97109
97109
97174
97174
97200
97200
97216
97216
97217
97217
97266
97266
97317
97317
97340
97340
97342
97342
97408
97408
97445
97445
97462
97462
97533
97533
97560
97560
97603
97603
97654
97654
97660
97660
97727
97727
97760
97760
97773
97773
97796
97796
97799
97799
97854
97854
97875
97875
97876
97876
97900
97900
97916
97916
97919
97919
97930
97930
97985
97985
98017
98017
98047
98047
98089
98089
98140
98140
98145
98145
98158
98158
98220
98220
98229
98229
98233
98233
98282
98282
98304
98304
98417
98417
98428
98428
98470
98470
98501
98501
98573
98573
98583
98583
98621
98621
98622
98622
98628
98628
98643
98643
98690
98690
98740
98740
98749
98749
98810
98810
98883
98883
98927
98927
98952
98952
98971
98971
98984
98984
98988
98988
99035
99035
99099
99099
99147
99147
99174
99174
99206
99206
99230
99230
99247
99247
99425
99425
99443
99443
99476
99476
99495
99495
99508
99508
99513
99513
99514
99514
99524
99524
99529
99529
99546
99546
99555
99555
99627
99627
99639
99639
99664
99664
99820
99820
99902
99902
99918
99918
99990
99990
99999
99999
